t = 0
b = 250 250 250
E = 0 0 0
44.778073 0.225728 -0.193963 0.956303 0.292377 0.000000 0.047329 0.069710 -0.996444 0 0 0 0 0 0
44.998922 0.462297 -0.575415 0.954834 -0.297141 0.000000 0.039000 0.085566 -0.995569 0 0 0 0 0 0
45.309218 0.543519 -0.965998 0.621519 -0.783399 0.000000 0.080528 0.048679 -0.995563 0 0 0 0 0 0
45.611287 0.435873 -1.356602 0.072257 -0.997386 0.000000 0.094011 -0.005079 -0.995558 0 0 0 0 0 0
45.800313 0.176764 -1.747179 -0.502145 -0.864783 0.000000 0.074800 -0.057176 -0.995558 0 0 0 0 0 0
45.810436 -0.143799 -2.137781 -0.902041 -0.431650 0.000000 0.029493 -0.089344 -0.995564 0 0 0 0 0 0
45.638337 -0.414386 -2.528355 -0.988457 0.151501 0.000000 -0.025786 -0.090447 -0.995567 0 0 0 0 0 0
45.343611 -0.540961 -2.918952 -0.731356 0.681996 0.000000 -0.072402 -0.060140 -0.995561 0 0 0 0 0 0
45.028848 -0.479547 -3.309544 -0.220117 0.975474 0.000000 -0.093705 -0.008968 -0.995560 0 0 0 0 0 0
44.803316 -0.251484 -3.700120 0.367664 0.929959 0.000000 -0.082396 0.045371 -0.995566 0 0 0 0 0 0
44.745484 0.063983 -4.090712 0.827648 0.561247 0.000000 -0.042566 0.083902 -0.995565 0 0 0 0 0 0
44.875463 0.357202 -4.481311 0.999997 -0.002493 0.000000 0.012185 0.093339 -0.995560 0 0 0 0 0 0
45.147934 0.526303 -4.871896 0.824835 -0.565373 0.000000 0.062515 0.070274 -0.995567 0 0 0 0 0 0
45.468351 0.512493 -5.262483 0.363013 -0.931784 0.000000 0.091239 0.022792 -0.995568 0 0 0 0 0 0
45.725276 0.320569 -5.653076 -0.224929 -0.974375 0.000000 0.088307 -0.032583 -0.995560 0 0 0 0 0 0
45.829530 0.017252 -6.043647 -0.734750 -0.678339 0.000000 0.054577 -0.076617 -0.995566 0 0 0 0 0 0
45.744736 -0.292056 -6.434248 -0.989199 -0.146582 0.000000 0.001918 -0.094099 -0.995561 0 0 0 0 0 0
45.500516 -0.499880 -6.824831 -0.899882 0.436133 0.000000 -0.051321 -0.078790 -0.995569 0 0 0 0 0 0
45.181643 -0.533969 -7.215424 -0.497851 0.867263 0.000000 -0.086868 -0.036193 -0.995562 0 0 0 0 0 0
44.898938 -0.382504 -7.606008 0.077172 0.997018 0.000000 -0.092253 0.019075 -0.995553 0 0 0 0 0 0
44.750598 -0.098106 -7.996578 0.625431 0.780280 0.000000 -0.065426 0.067655 -0.995561 0 0 0 0 0 0
44.807828 -0.539624 -11.388640 0.827646 0.561251 0.000000 0.391453 0.234990 -0.889688 0 0 0 0 0 0
44.875460 0.357198 -12.683629 0.999997 -0.002487 0.000000 0.012188 0.093343 -0.995559 0 0 0 0 0 0
45.147933 0.526301 -13.074213 0.824838 -0.565370 0.000000 0.062518 0.070271 -0.995567 0 0 0 0 0 0
45.468352 0.512490 -13.464799 0.363014 -0.931784 0.000000 0.091236 0.022789 -0.995568 0 0 0 0 0 0
45.725277 0.320568 -13.855393 -0.224929 -0.974375 0.000000 0.088306 -0.032577 -0.995561 0 0 0 0 0 0
45.829531 0.017257 -14.245966 -0.734747 -0.678341 0.000000 0.054582 -0.076615 -0.995566 0 0 0 0 0 0
45.744739 -0.292052 -14.636566 -0.989198 -0.146588 0.000000 0.001917 -0.094104 -0.995560 0 0 0 0 0 0
45.500517 -0.499874 -15.027149 -0.899895 0.436107 0.000000 -0.051356 -0.078849 -0.995563 0 0 0 0 0 0
45.181632 -0.534003 -15.417748 -0.497852 0.867262 0.000000 -0.086806 -0.036129 -0.995570 0 0 0 0 0 0
44.898937 -0.382502 -15.808325 0.077172 0.997018 0.000000 -0.092251 0.019072 -0.995553 0 0 0 0 0 0
44.750597 -0.098110 -16.198897 0.625429 0.780281 0.000000 -0.065432 0.067651 -0.995561 0 0 0 0 0 0
47.001100 1.224805 -18.264195 -0.916181 -0.023085 0.400099 -0.623773 0.325874 -0.710432 0 0 0 0 0 0
53.623616 0.292358 -13.109846 0.257296 -0.954848 -0.148542 0.471471 -0.078458 0.878385 0 0 0 0 0 0
53.752801 -0.023433 -12.743961 0.678403 -0.621549 -0.391722 0.455635 -0.080497 0.886519 0 0 0 0 0 0
54.041318 -0.325557 -12.459617 0.863758 -0.072245 -0.498700 0.502255 -0.093973 0.859598 0 0 0 0 0 0
54.460947 -0.514545 -12.250869 0.748919 0.502154 -0.432391 0.547155 -0.074768 0.833685 0 0 0 0 0 0
54.933885 -0.524681 -12.072913 0.373832 0.902040 -0.215808 0.575225 -0.029575 0.817460 0 0 0 0 0 0
55.363572 -0.352526 -11.869923 -0.131234 0.988453 0.075755 0.576070 0.025895 0.816990 0 0 0 0 0 0
55.668415 -0.057839 -11.594966 -0.590614 0.731363 0.341004 0.549907 0.072390 0.832083 0 0 0 0 0 0
55.810529 0.256947 -11.226000 -0.844781 0.220095 0.487753 0.505524 0.093666 0.857714 0 0 0 0 0 0
55.808281 0.482428 -10.773694 -0.805360 -0.367669 0.464989 0.458473 0.082424 0.884878 0 0 0 0 0 0
55.730488 0.540262 -10.277697 -0.486084 -0.827631 0.280624 0.425189 0.042569 0.904103 0 0 0 0 0 0
57.806502 0.615737 -7.559479 -0.253214 -0.956301 0.146187 0.350292 -0.443325 0.825081 0 0 0 0 0 0
57.729060 0.286827 -6.019459 0.257295 -0.954844 -0.148568 0.423587 -0.039113 0.905011 0 0 0 0 0 0
57.853961 -0.023432 -5.640576 0.678409 -0.621557 -0.391699 0.455604 -0.080533 0.886532 0 0 0 0 0 0
58.142506 -0.325551 -5.356153 0.863758 -0.072250 -0.498700 0.502249 -0.093938 0.859605 0 0 0 0 0 0
58.562123 -0.514545 -5.147433 0.748921 0.502151 -0.432391 0.547164 -0.074777 0.833678 0 0 0 0 0 0
59.035063 -0.524679 -4.969464 0.373832 0.902038 -0.215818 0.575224 -0.029572 0.817461 0 0 0 0 0 0
59.464748 -0.352529 -4.766487 -0.131234 0.988453 0.075750 0.576065 0.025899 0.816994 0 0 0 0 0 0
59.769592 -0.057842 -4.491525 -0.590612 0.731364 0.341003 0.549905 0.072387 0.832085 0 0 0 0 0 0
59.911708 0.256944 -4.122553 -0.844780 0.220100 0.487752 0.505524 0.093669 0.857713 0 0 0 0 0 0
59.909581 0.482429 -3.670255 -0.805378 -0.367649 0.464974 0.458579 0.082407 0.884824 0 0 0 0 0 0
59.831645 0.540267 -3.174278 -0.486085 -0.827628 0.280629 0.425042 0.042560 0.904173 0 0 0 0 0 0
59.772931 0.410349 -2.689417 0.002144 -0.999997 -0.001244 0.416883 -0.012130 0.908879 0 0 0 0 0 0
59.821815 0.137825 -2.266597 0.489641 -0.824828 -0.282685 0.437015 -0.062542 0.897277 0 0 0 0 0 0
60.029080 -0.182592 -1.935243 0.806949 -0.363021 -0.465886 0.477992 -0.091296 0.873607 0 0 0 0 0 0
60.390627 -0.439548 -1.692936 0.843827 0.224945 -0.487191 0.526058 -0.088268 0.845856 0 0 0 0 0 0
60.848500 -0.543796 -1.506336 0.587469 0.734739 -0.339175 0.564058 -0.054618 0.823927 0 0 0 0 0 0
61.311687 -0.458991 -1.322740 0.126947 0.989198 -0.073293 0.579289 -0.001909 0.815120 0 0 0 0 0 0
61.686969 -0.214725 -1.088386 -0.377702 0.899884 0.218059 0.566014 0.051393 0.822792 0 0 0 0 0 0
61.911811 0.104169 -0.767180 -0.751071 0.497849 0.433634 0.529134 0.086886 0.844078 0 0 0 0 0 0
61.975886 0.386875 -0.353182 -0.863437 -0.077207 0.498513 0.481221 0.092179 0.871739 0 0 0 0 0 0
61.924989 0.535124 0.127286 -0.675762 -0.625414 0.390131 0.439282 0.065395 0.895966 0 0 0 0 0 0
61.844425 0.497427 0.624768 -0.253214 -0.956301 0.146191 0.417490 0.015892 0.908542 0 0 0 0 0 0
64.193195 -1.316532 8.258239 -0.992013 0.018194 -0.124816 -0.558139 -0.053790 0.828002 0 0 0 0 0 0
61.684360 0.555189 9.179631 0.312714 -0.780281 -0.541637 -0.821776 -0.018234 -0.569518 0 0 0 0 0 0
61.504766 0.437503 8.727812 0.038638 -0.997014 -0.066861 -0.815188 -0.004653 -0.579178 0 0 0 0 0 0
61.261666 0.179326 8.367750 -0.248878 -0.867277 0.431150 -0.824660 -0.056818 -0.562768 0 0 0 0 0 0
60.929389 -0.141190 8.162270 -0.449959 -0.436118 0.779319 -0.847163 -0.089164 -0.523798 0 0 0 0 0 0
60.505679 -0.412621 8.114894 -0.494608 0.146583 0.856666 -0.874878 -0.090617 -0.475791 0 0 0 0 0 0
60.020348 -0.540649 8.174255 -0.367354 0.678354 0.636308 -0.898219 -0.060468 -0.435369 0 0 0 0 0 0
59.524581 -0.480810 8.251852 -0.112464 0.974374 0.194802 -0.908999 -0.009421 -0.416692 0 0 0 0 0 0
59.072986 -0.253869 8.252802 0.181531 0.931775 -0.314391 -0.903508 0.044959 -0.426206 0 0 0 0 0 0
58.705035 0.061292 8.108963 0.412419 0.565370 -0.714330 -0.883672 0.083721 -0.460558 0 0 0 0 0 0
58.431047 0.355167 7.802423 0.499996 0.002487 -0.866024 -0.856347 0.093421 -0.507881 0 0 0 0 0 0
58.228539 0.525593 7.371835 0.413830 -0.561261 -0.716750 -0.831104 0.070509 -0.551629 0 0 0 0 0 0
45.263862 0.555206 -7.956919 -0.625431 -0.780280 0.000000 -0.082229 -0.018265 0.996446 0 0 0 0 0 0
44.962351 0.437508 -7.575474 -0.077172 -0.997018 0.000000 -0.093875 -0.004648 0.995573 0 0 0 0 0 0
44.772173 0.179321 -7.184866 0.497851 -0.867263 0.000000 -0.074999 -0.056759 0.995567 0 0 0 0 0 0
44.760429 -0.141173 -6.794289 0.899882 -0.436133 0.000000 -0.029995 -0.089210 0.995561 0 0 0 0 0 0
44.931216 -0.412618 -6.403711 0.989199 0.146582 0.000000 0.025405 -0.090569 0.995566 0 0 0 0 0 0
45.225191 -0.540668 -6.013116 0.734750 0.678339 0.000000 0.071957 -0.060543 0.995569 0 0 0 0 0 0
45.540312 -0.480816 -5.622538 0.224929 0.974375 0.000000 0.093608 -0.009387 0.995565 0 0 0 0 0 0
45.766889 -0.253873 -5.231935 -0.363013 0.931784 0.000000 0.082679 0.044960 0.995562 0 0 0 0 0 0
45.826350 0.061290 -4.841364 -0.824835 0.565373 0.000000 0.043006 0.083699 0.995563 0 0 0 0 0 0
45.697914 0.355155 -4.450766 -0.999997 0.002493 0.000000 -0.011625 0.093375 0.995563 0 0 0 0 0 0
45.426238 0.525597 -4.060179 -0.827648 -0.561247 0.000000 -0.062249 0.070618 0.995559 0 0 0 0 0 0
45.105729 0.513396 -3.669591 -0.367664 -0.929959 0.000000 -0.091186 0.023241 0.995563 0 0 0 0 0 0
44.847778 0.322752 -3.279013 0.220117 -0.975474 0.000000 -0.088422 -0.032136 0.995565 0 0 0 0 0 0
44.742109 0.019964 -2.888404 0.731356 -0.681996 0.000000 -0.054969 -0.076388 0.995562 0 0 0 0 0 0
44.825281 -0.289767 -2.497828 0.988457 -0.151501 0.000000 -0.002436 -0.094049 0.995565 0 0 0 0 0 0
45.068593 -0.498793 -2.107235 0.902041 0.431650 0.000000 0.051096 -0.079039 0.995561 0 0 0 0 0 0
45.387333 -0.534455 -1.716658 0.502145 0.864783 0.000000 0.086734 -0.036614 0.995558 0 0 0 0 0 0
45.670751 -0.384426 -1.326053 -0.072257 0.997386 0.000000 0.092175 0.018577 0.995570 0 0 0 0 0 0
45.820345 -0.100772 -0.935453 -0.621519 0.783399 0.000000 0.065722 0.067361 0.995562 0 0 0 0 0 0
45.784230 0.217913 -0.544887 -0.954834 0.297141 0.000000 0.016367 0.092635 0.995566 0 0 0 0 0 0
45.574894 0.460860 -0.154295 -0.956303 -0.292377 0.000000 -0.038590 0.085759 0.995568 0 0 0 0 0 0
45.600212 0.225703 3.511032 -0.478145 0.292374 -0.828188 -0.886653 0.069706 0.457151 0 0 0 0 0 0
45.159382 0.462276 3.510471 -0.477412 -0.297138 -0.826914 -0.881756 0.085555 0.463883 0 0 0 0 0 0
44.665999 0.543535 3.437087 -0.310778 -0.783380 -0.538268 -0.902440 0.048715 0.428053 0 0 0 0 0 0
44.176652 0.435889 3.370754 -0.036129 -0.997387 -0.062564 -0.909160 -0.005124 0.416416 0 0 0 0 0 0
43.743948 0.176770 3.402370 0.251071 -0.864778 0.434883 -0.899562 -0.057135 0.433039 0 0 0 0 0 0
43.400567 -0.143788 3.588887 0.451053 -0.431630 0.781183 -0.876962 -0.089296 0.472191 0 0 0 0 0 0
43.148404 -0.414376 3.933252 0.494241 0.151505 0.856021 -0.849240 -0.090461 0.520201 0 0 0 0 0 0
42.957514 -0.540962 4.383758 0.365679 0.681998 0.633371 -0.825982 -0.060181 0.560475 0 0 0 0 0 0
42.776584 -0.479542 4.851669 0.110059 0.975478 0.190603 -0.815372 -0.008932 0.578868 0 0 0 0 0 0
42.551128 -0.251479 5.242238 -0.183833 0.929960 -0.318403 -0.820948 0.045372 0.569198 0 0 0 0 0 0
42.241732 0.063984 5.487617 -0.413788 0.561270 -0.716768 -0.840906 0.083959 0.534628 0 0 0 0 0 0
41.838560 0.357215 5.570382 -0.499998 -0.002493 -0.866023 -0.868254 0.093286 0.487271 0 0 0 0 0 0
41.364097 0.526323 5.529685 -0.412421 -0.565378 -0.714323 -0.893432 0.070337 0.443657 0 0 0 0 0 0
40.865610 0.512470 5.447482 -0.181531 -0.931778 -0.314381 -0.907840 0.022801 0.418696 0 0 0 0 0 0
40.398776 0.320561 5.420264 0.112516 -0.974366 0.194811 -0.906294 -0.032599 0.421389 0 0 0 0 0 0
40.008518 0.017252 5.525272 0.367354 -0.678349 0.636313 -0.889493 -0.076683 0.450468 0 0 0 0 0 0
39.712627 -0.292064 5.793995 0.494569 -0.146581 0.856689 -0.863145 -0.094083 0.496113 0 0 0 0 0 0
39.496496 -0.499868 6.200860 0.449916 0.436134 0.779335 -0.836491 -0.078799 0.542285 0 0 0 0 0 0
39.317701 -0.533961 6.672319 0.248877 0.867278 0.431149 -0.818766 -0.036167 0.572987 0 0 0 0 0 0
39.120661 -0.382486 7.112437 -0.038586 0.997015 -0.066872 -0.816136 0.019058 0.577546 0 0 0 0 0 0
38.856612 -0.098105 7.436106 -0.312714 0.780277 -0.541643 -0.829489 0.067658 0.554410 0 0 0 0 0 0
35.890383 -0.539631 9.082591 -0.413830 0.561261 -0.716750 -0.966216 0.234997 0.105846 0 0 0 0 0 0
34.735095 0.357202 9.671584 -0.499998 -0.002487 -0.866023 -0.868242 0.093314 0.487287 0 0 0 0 0 0
34.260576 0.526288 9.630862 -0.412419 -0.565370 -0.714330 -0.893477 0.070271 0.443576 0 0 0 0 0 0
33.762174 0.512511 9.548660 -0.181531 -0.931775 -0.314391 -0.907817 0.022868 0.418742 0 0 0 0 0 0
33.295377 0.320562 9.521441 0.112464 -0.974374 0.194802 -0.906321 -0.032615 0.421329 0 0 0 0 0 0
32.905052 0.017256 9.626457 0.367354 -0.678354 0.636308 -0.889478 -0.076646 0.450505 0 0 0 0 0 0
32.609107 -0.292048 9.895193 0.494610 -0.146584 0.856664 -0.863152 -0.094023 0.496112 0 0 0 0 0 0
32.392998 -0.499874 10.302013 0.449959 0.436118 0.779319 -0.836478 -0.078821 0.542302 0 0 0 0 0 0
32.214209 -0.533977 10.773482 0.248927 0.867266 0.431144 -0.818743 -0.036156 0.573021 0 0 0 0 0 0
32.017311 -0.382505 11.213596 -0.038586 0.997016 -0.066862 -0.816069 0.019050 0.577640 0 0 0 0 0 0
31.753200 -0.098110 11.537281 -0.312714 0.780281 -0.541637 -0.829492 0.067652 0.554407 0 0 0 0 0 0
29.740287 1.039264 9.871618 -0.957790 -0.032493 -0.285626 -0.949599 0.129478 -0.285477 0 0 0 0 0 0
28.677275 0.292347 1.733734 -0.257295 -0.954843 -0.148573 0.525010 -0.078458 -0.847472 0 0 0 0 0 0
28.929535 -0.023433 1.438910 -0.678410 -0.621555 -0.391702 0.539956 -0.080518 -0.837833 0 0 0 0 0 0
29.031580 -0.325553 1.046831 -0.863756 -0.072245 -0.498704 0.493343 -0.093943 -0.864747 0 0 0 0 0 0
29.002558 -0.514524 0.578998 -0.748921 0.502155 -0.432386 0.448398 -0.074700 -0.890707 0 0 0 0 0 0
28.920196 -0.524686 0.080477 -0.373831 0.902039 -0.215816 0.420309 -0.029605 -0.906898 0 0 0 0 0 0
28.881095 -0.352534 -0.393067 0.131234 0.988453 0.075753 0.419496 0.025893 -0.907388 0 0 0 0 0 0
28.966875 -0.057839 -0.794642 0.590614 0.731363 0.341003 0.445679 0.072386 -0.892261 0 0 0 0 0 0
29.215326 0.256947 -1.102172 0.844783 0.220096 0.487750 0.490055 0.093668 -0.866645 0 0 0 0 0 0
29.608161 0.482426 -1.326392 0.805358 -0.367669 0.464992 0.537099 0.082406 -0.839484 0 0 0 0 0 0
30.076559 0.540284 -1.506933 0.486083 -0.827629 0.280629 0.570403 0.042632 -0.820258 0 0 0 0 0 0
30.525845 0.410340 -1.698578 -0.002144 -0.999997 -0.001250 0.578643 -0.012153 -0.815490 0 0 0 0 0 0
30.867579 0.137823 -1.952302 -0.489642 -0.824826 -0.282690 0.558579 -0.062542 -0.827090 0 0 0 0 0 0
31.050890 -0.182594 -2.297475 -0.806953 -0.363016 -0.465883 0.517547 -0.091290 -0.850771 0 0 0 0 0 0
31.079939 -0.439563 -2.731674 -0.843828 0.224952 -0.487187 0.469521 -0.088306 -0.878494 0 0 0 0 0 0
31.012660 -0.543777 -3.221607 -0.587468 0.734742 -0.339169 0.431531 -0.054546 -0.900447 0 0 0 0 0 0
30.940042 -0.458996 -3.714506 -0.126947 0.989198 -0.073287 0.416247 -0.001925 -0.909249 0 0 0 0 0 0
30.955359 -0.214723 -4.156681 0.377703 0.899883 0.218063 0.429555 0.051398 -0.901577 0 0 0 0 0 0
31.121095 0.104176 -4.511985 0.751073 0.497845 0.433636 0.466395 0.086902 -0.880298 0 0 0 0 0 0
31.447629 0.386867 -4.774511 0.863437 -0.077215 0.498513 0.514365 0.092124 -0.852609 0 0 0 0 0 0
31.889110 0.535148 -4.970570 0.675761 -0.625419 0.390127 0.556289 0.065480 -0.828405 0 0 0 0 0 0
32.360254 0.497424 -5.149602 0.253214 -0.956301 0.146187 0.578072 0.015899 -0.815831 0 0 0 0 0 0
32.765028 0.286826 -5.366892 -0.257295 -0.954844 -0.148568 0.571960 -0.039108 -0.819349 0 0 0 0 0 0
34.275295 0.676921 -8.411792 -0.489641 -0.824828 -0.282685 0.203619 -0.361763 -0.909762 0 0 0 0 0 0
35.152069 -0.182591 -9.400915 -0.806951 -0.363022 -0.465882 0.517546 -0.091292 -0.850772 0 0 0 0 0 0
35.181119 -0.439560 -9.835120 -0.843829 0.224945 -0.487187 0.469517 -0.088306 -0.878496 0 0 0 0 0 0
35.113836 -0.543775 -10.325052 -0.587469 0.734739 -0.339175 0.431528 -0.054545 -0.900449 0 0 0 0 0 0
35.041217 -0.458999 -10.817948 -0.126947 0.989198 -0.073293 0.416254 -0.001934 -0.909246 0 0 0 0 0 0
35.056535 -0.214725 -11.260121 0.377702 0.899884 0.218057 0.429552 0.051393 -0.901578 0 0 0 0 0 0
35.222272 0.104171 -11.615437 0.751071 0.497849 0.433634 0.466394 0.086898 -0.880299 0 0 0 0 0 0
35.548806 0.386860 -11.877985 0.863430 -0.077207 0.498525 0.514365 0.092116 -0.852610 0 0 0 0 0 0
35.990278 0.535151 -12.074005 0.675763 -0.625415 0.390128 0.556307 0.065485 -0.828392 0 0 0 0 0 0
36.461432 0.497422 -12.253047 0.253214 -0.956301 0.146188 0.578068 0.015899 -0.815834 0 0 0 0 0 0
42.313265 -1.165772 -19.005353 -0.897087 0.020385 0.441383 -0.144815 -0.073564 -0.986720 0 0 0 0 0 0
45.263863 0.555208 -16.159235 -0.625429 -0.780281 0.000000 -0.082235 -0.018265 0.996446 0 0 0 0 0 0
44.962352 0.437509 -15.777790 -0.077172 -0.997018 0.000000 -0.093880 -0.004652 0.995573 0 0 0 0 0 0
44.772174 0.179320 -15.387184 0.497852 -0.867262 0.000000 -0.074996 -0.056762 0.995567 0 0 0 0 0 0
44.760328 -0.141174 -14.996625 0.899895 -0.436107 0.000000 -0.030099 -0.089158 0.995563 0 0 0 0 0 0
44.931230 -0.412607 -14.606018 0.989198 0.146588 0.000000 0.025548 -0.090615 0.995558 0 0 0 0 0 0
45.225192 -0.540670 -14.215432 0.734747 0.678341 0.000000 0.071955 -0.060547 0.995568 0 0 0 0 0 0
45.540310 -0.480817 -13.824855 0.224929 0.974375 0.000000 0.093613 -0.009386 0.995564 0 0 0 0 0 0
45.766888 -0.253872 -13.434252 -0.363014 0.931784 0.000000 0.082677 0.044965 0.995561 0 0 0 0 0 0
45.826348 0.061294 -13.043683 -0.824838 0.565370 0.000000 0.043002 0.083697 0.995563 0 0 0 0 0 0
45.697910 0.355159 -12.653084 -0.999997 0.002487 0.000000 -0.011622 0.093371 0.995564 0 0 0 0 0 0
45.426237 0.525598 -12.262496 -0.827646 -0.561251 0.000000 -0.062246 0.070621 0.995559 0 0 0 0 0 0
38.634341 0.555185 6.971763 0.312714 -0.780277 0.541643 0.904096 -0.018250 -0.426940 0 0 0 0 0 0
39.115453 0.437499 7.042150 0.038586 -0.997015 0.066872 0.909164 -0.004666 -0.416412 0 0 0 0 0 0
39.548776 0.179327 7.011664 -0.248877 -0.867278 -0.431149 0.899729 -0.056796 -0.432738 0 0 0 0 0 0
39.892985 -0.141177 6.826529 -0.449916 -0.436134 -0.779335 0.877187 -0.089159 -0.471798 0 0 0 0 0 0
40.145810 -0.412616 6.483301 -0.494569 0.146581 -0.856689 0.849468 -0.090581 -0.519807 0 0 0 0 0 0
40.337067 -0.540651 6.033350 -0.367354 0.678349 -0.636313 0.826173 -0.060521 -0.560157 0 0 0 0 0 0
40.517864 -0.480806 5.565191 -0.112516 0.974366 -0.194811 0.815380 -0.009409 -0.578849 0 0 0 0 0 0
40.742658 -0.253887 5.173650 0.181531 0.931778 0.314381 0.820849 0.044953 -0.569374 0 0 0 0 0 0
41.051369 0.061287 4.926905 0.412421 0.565378 0.714323 0.840736 0.083697 -0.534937 0 0 0 0 0 0
41.453739 0.355169 4.842845 0.499998 0.002493 0.866023 0.867958 0.093419 -0.487772 0 0 0 0 0 0
41.927927 0.525575 4.882851 0.413788 -0.561270 0.716768 0.893328 0.070504 -0.443841 0 0 0 0 0 0
42.426333 0.513394 4.965115 0.183833 -0.929960 0.318403 0.907766 0.023324 -0.418827 0 0 0 0 0 0
42.893578 0.322758 4.993162 -0.110059 -0.975478 -0.190603 0.906394 -0.032134 -0.421209 0 0 0 0 0 0
43.284687 0.019963 4.889420 -0.365679 -0.681998 -0.633371 0.889668 -0.076382 -0.450174 0 0 0 0 0 0
43.581351 -0.289769 4.622053 -0.494241 -0.151505 -0.856021 0.863379 -0.094069 -0.495709 0 0 0 0 0 0
43.798036 -0.498795 4.216111 -0.451053 0.431630 -0.781183 0.836688 -0.079040 -0.541946 0 0 0 0 0 0
43.976871 -0.534499 3.744804 -0.251071 0.864778 -0.434883 0.818829 -0.036585 -0.572870 0 0 0 0 0 0
44.173382 -0.384424 3.304027 0.036129 0.997387 0.062564 0.816012 0.018575 -0.577737 0 0 0 0 0 0
44.436823 -0.100771 2.979115 0.310778 0.783380 0.538268 0.829326 0.067316 -0.554695 0 0 0 0 0 0
44.793189 0.217900 2.815110 0.477412 0.297138 0.826914 0.854005 0.092656 -0.511948 0 0 0 0 0 0
45.236183 0.460839 2.801147 0.478145 -0.292374 0.828188 0.881547 0.085747 -0.464244 0 0 0 0 0 0
48.100982 0.225714 0.776255 -0.478145 0.292373 0.828188 0.839247 0.069732 0.539260 0 0 0 0 0 0
48.320883 0.462288 1.158270 -0.477412 -0.297138 0.826914 0.842644 0.085588 0.531625 0 0 0 0 0 0
48.503963 0.543536 1.622248 -0.310731 -0.783394 0.538276 0.821928 0.048708 0.567505 0 0 0 0 0 0
48.691265 0.435874 2.079186 -0.036129 -0.997387 0.062569 0.815209 -0.005097 0.579145 0 0 0 0 0 0
48.935003 0.176765 2.438137 0.251071 -0.864778 -0.434883 0.824826 -0.057154 0.562490 0 0 0 0 0 0
49.268185 -0.143792 2.642240 0.451009 -0.431639 -0.781203 0.847402 -0.089334 0.523382 0 0 0 0 0 0
49.692448 -0.414390 2.688424 0.494241 0.151505 -0.856021 0.875099 -0.090497 0.475406 0 0 0 0 0 0
50.178081 -0.540960 2.628525 0.365679 0.681998 -0.633371 0.898356 -0.060160 0.435128 0 0 0 0 0 0
50.673731 -0.479533 2.551203 0.110059 0.975478 -0.190603 0.909028 -0.008941 0.416639 0 0 0 0 0 0
51.124751 -0.251480 2.551217 -0.183833 0.929960 0.318403 0.903393 0.045363 0.426408 0 0 0 0 0 0
51.491943 0.063982 2.696439 -0.413832 0.561258 0.716752 0.883454 0.083918 0.460941 0 0 0 0 0 0
51.765196 0.357215 3.004224 -0.499998 -0.002493 0.866023 0.856117 0.093349 0.508281 0 0 0 0 0 0
51.967254 0.526288 3.435547 -0.412421 -0.565378 0.714323 0.830917 0.070224 0.551948 0 0 0 0 0 0
52.145213 0.512484 3.908324 -0.181481 -0.931787 0.314384 0.816511 0.022838 0.576879 0 0 0 0 0 0
52.355020 0.320562 4.326154 0.112516 -0.974366 -0.194811 0.818054 -0.032549 0.574220 0 0 0 0 0 0
52.641213 0.017255 4.611695 0.367399 -0.678336 -0.636301 0.834891 -0.076626 0.545056 0 0 0 0 0 0
53.021957 -0.292043 4.733582 0.494569 -0.146581 -0.856689 0.861266 -0.094065 0.499372 0 0 0 0 0 0
53.482221 -0.499886 4.717300 0.449958 0.436123 -0.779317 0.887871 -0.078849 0.453285 0 0 0 0 0 0
53.979955 -0.533989 4.636448 0.248926 0.867266 -0.431143 0.905605 -0.036184 0.422575 0 0 0 0 0 0
54.459525 -0.382509 4.586908 -0.038586 0.997015 0.066872 0.908259 0.019048 0.417975 0 0 0 0 0 0
54.871974 -0.098103 4.653847 -0.312714 0.780277 0.541643 0.894872 0.067654 0.441165 0 0 0 0 0 0
57.780961 -0.539627 6.399413 -0.413830 0.561261 0.716750 0.574765 0.235000 0.783850 0 0 0 0 0 0
58.868710 0.357197 7.105404 -0.499996 -0.002487 0.866024 0.856133 0.093274 0.508267 0 0 0 0 0 0
59.070673 0.526297 7.536712 -0.412419 -0.565370 0.714330 0.830864 0.070333 0.552012 0 0 0 0 0 0
59.248758 0.512483 8.009500 -0.181531 -0.931775 0.314391 0.816549 0.022794 0.576826 0 0 0 0 0 0
59.458503 0.320578 8.427327 0.112464 -0.974374 -0.194802 0.818043 -0.032589 0.574234 0 0 0 0 0 0
59.744692 0.017257 8.712870 0.367354 -0.678354 -0.636308 0.834902 -0.076650 0.545036 0 0 0 0 0 0
60.125297 -0.292061 8.834754 0.494608 -0.146583 -0.856666 0.861214 -0.094065 0.499461 0 0 0 0 0 0
60.585681 -0.499883 8.818508 0.449959 0.436118 -0.779319 0.887867 -0.078849 0.453294 0 0 0 0 0 0
61.083473 -0.533951 8.737628 0.248878 0.867277 -0.431150 0.905617 -0.036080 0.422558 0 0 0 0 0 0
61.563015 -0.382496 8.688087 -0.038638 0.997014 0.066861 0.908256 0.019045 0.417981 0 0 0 0 0 0
61.975366 -0.098108 8.754984 -0.312714 0.780281 0.541637 0.894898 0.067670 0.441111 0 0 0 0 0 0
64.872564 1.135170 11.636646 -0.986844 -0.014623 -0.161011 0.198477 0.433916 0.878819 0 0 0 0 0 0
55.083957 0.292342 14.394426 0.000000 -0.954836 0.297134 -0.996434 -0.078472 -0.031005 0 0 0 0 0 0
54.702508 -0.023430 14.323339 0.000000 -0.621540 0.783382 -0.995558 -0.080526 -0.048780 0 0 0 0 0 0
54.311905 -0.325545 14.431030 0.000000 -0.072244 0.997387 -0.995562 -0.093964 0.005185 0 0 0 0 0 0
53.921314 -0.514539 14.690063 0.000000 0.502153 0.864779 -0.995571 -0.074743 0.057021 0 0 0 0 0 0
53.530731 -0.524696 15.010627 0.000000 0.902038 0.431657 -0.995558 -0.029585 0.089383 0 0 0 0 0 0
53.140143 -0.352533 15.281228 0.000000 0.988462 -0.151469 -0.995558 0.025916 0.090518 0 0 0 0 0 0
52.749563 -0.057840 15.407845 0.000000 0.731353 -0.681999 -0.995568 0.072321 0.060110 0 0 0 0 0 0
52.358974 0.256939 15.346470 0.000000 0.220080 -0.975482 -0.995565 0.093638 0.009031 0 0 0 0 0 0
51.968370 0.482430 15.118394 0.000000 -0.367651 -0.929964 -0.995560 0.082458 -0.045398 0 0 0 0 0 0
51.577786 0.540280 14.802938 0.000000 -0.827633 -0.561270 -0.995564 0.042544 -0.083921 0 0 0 0 0 0
48.185718 0.615731 15.241628 0.000000 -0.956304 -0.292375 -0.889687 -0.443321 -0.109194 0 0 0 0 0 0
46.890710 0.286842 14.404602 0.000000 -0.954836 0.297133 -0.995577 -0.039054 -0.085449 0 0 0 0 0 0
46.500155 -0.023428 14.323339 0.000000 -0.621542 0.783381 -0.995558 -0.080527 -0.048783 0 0 0 0 0 0
46.109551 -0.325543 14.431028 0.000000 -0.072249 0.997387 -0.995562 -0.093967 0.005186 0 0 0 0 0 0
45.718961 -0.514538 14.690062 0.000000 0.502150 0.864781 -0.995571 -0.074741 0.057024 0 0 0 0 0 0
45.328379 -0.524695 15.010628 0.000000 0.902037 0.431658 -0.995558 -0.029583 0.089380 0 0 0 0 0 0
44.937791 -0.352532 15.281228 0.000000 0.988462 -0.151469 -0.995558 0.025913 0.090517 0 0 0 0 0 0
44.547210 -0.057843 15.407846 0.000000 0.731354 -0.681998 -0.995568 0.072319 0.060114 0 0 0 0 0 0
44.156608 0.256940 15.346360 0.000000 0.220096 -0.975478 -0.995563 0.093680 0.008901 0 0 0 0 0 0
43.766022 0.482442 15.118402 0.000000 -0.367647 -0.929965 -0.995570 0.082432 -0.045237 0 0 0 0 0 0
43.375434 0.540279 14.802938 0.000000 -0.827632 -0.561271 -0.995564 0.042541 -0.083920 0 0 0 0 0 0
42.984869 0.410332 14.509640 0.000000 -0.999997 0.002510 -0.995557 -0.012146 -0.093373 0 0 0 0 0 0
42.594259 0.137819 14.340560 0.000000 -0.824820 0.565395 -0.995567 -0.062546 -0.070252 0 0 0 0 0 0
42.203665 -0.182588 14.354392 0.000000 -0.363031 0.931777 -0.995558 -0.091343 -0.022827 0 0 0 0 0 0
41.813088 -0.439557 14.546328 0.000000 0.224942 0.974372 -0.995560 -0.088287 0.032639 0 0 0 0 0 0
41.422490 -0.543782 14.849598 0.000000 0.734744 0.678344 -0.995572 -0.054560 0.076553 0 0 0 0 0 0
41.031926 -0.458975 15.158969 0.000000 0.989203 0.146554 -0.995557 -0.001909 0.094144 0 0 0 0 0 0
40.641304 -0.214721 15.366728 0.000000 0.899894 -0.436109 -0.995562 0.051411 0.078828 0 0 0 0 0 0
40.250743 0.104175 15.400903 0.000000 0.497834 -0.867273 -0.995567 0.086819 0.036187 0 0 0 0 0 0
39.860137 0.386864 15.249414 0.000000 -0.077207 -0.997015 -0.995561 0.092167 -0.019067 0 0 0 0 0 0
39.469558 0.535112 14.964997 0.000000 -0.625422 -0.780286 -0.995557 0.065427 -0.067710 0 0 0 0 0 0
39.078979 0.497393 14.646445 0.000000 -0.956303 -0.292376 -0.995556 0.015901 -0.092819 0 0 0 0 0 0
30.304776 0.911231 16.183640 -0.889551 -0.035668 -0.455441 -0.985670 0.080312 -0.148341 0 0 0 0 0 0
31.530927 0.555184 11.072940 0.312714 -0.780281 0.541637 0.904099 -0.018251 -0.426932 0 0 0 0 0 0
32.012039 0.437496 11.143333 0.038586 -0.997016 0.066862 0.909167 -0.004666 -0.416405 0 0 0 0 0 0
32.445380 0.179325 11.112827 -0.248927 -0.867266 -0.431144 0.899709 -0.056774 -0.432783 0 0 0 0 0 0
32.789532 -0.141178 10.927711 -0.449959 -0.436118 -0.779319 0.877186 -0.089172 -0.471797 0 0 0 0 0 0
33.042364 -0.412618 10.584491 -0.494610 0.146584 -0.856664 0.849460 -0.090605 -0.519816 0 0 0 0 0 0
33.233611 -0.540667 10.134551 -0.367354 0.678354 -0.636308 0.826180 -0.060484 -0.560150 0 0 0 0 0 0
33.414319 -0.480803 9.666368 -0.112464 0.974374 -0.194802 0.815335 -0.009442 -0.578912 0 0 0 0 0 0
33.639311 -0.253871 9.274819 0.181531 0.931775 0.314391 0.820907 0.044947 -0.569290 0 0 0 0 0 0
33.947834 0.061292 9.028074 0.412419 0.565370 0.714330 0.840652 0.083733 -0.535063 0 0 0 0 0 0
34.350329 0.355156 8.944043 0.499998 0.002487 0.866023 0.868025 0.093369 -0.487662 0 0 0 0 0 0
34.824397 0.525607 8.984023 0.413830 -0.561261 0.716750 0.893285 0.070602 -0.443911 0 0 0 0 0 0
54.580998 0.555189 5.078493 0.312714 -0.780277 -0.541643 -0.821822 -0.018226 -0.569453 0 0 0 0 0 0
54.401367 0.437507 4.626648 0.038586 -0.997015 -0.066872 -0.815234 -0.004655 -0.579113 0 0 0 0 0 0
54.158204 0.179323 4.266569 -0.248926 -0.867266 0.431143 -0.824664 -0.056774 -0.562766 0 0 0 0 0 0
53.825918 -0.141177 4.061081 -0.449958 -0.436123 0.779317 -0.847134 -0.089196 -0.523839 0 0 0 0 0 0
53.402140 -0.412598 4.013725 -0.494569 0.146581 0.856689 -0.874941 -0.090558 -0.475686 0 0 0 0 0 0
52.916983 -0.540673 4.073105 -0.367399 0.678336 0.636301 -0.898199 -0.060582 -0.435395 0 0 0 0 0 0
52.421127 -0.480826 4.150653 -0.112516 0.974366 0.194811 -0.909002 -0.009425 -0.416685 0 0 0 0 0 0
51.969531 -0.253882 4.151618 0.181481 0.931787 -0.314384 -0.903511 0.044966 -0.426199 0 0 0 0 0 0
51.601570 0.061292 4.007776 0.412421 0.565378 -0.714323 -0.883662 0.083692 -0.460584 0 0 0 0 0 0
51.327537 0.355152 3.701237 0.499998 0.002493 -0.866023 -0.856361 0.093341 -0.507872 0 0 0 0 0 0
51.125126 0.525601 3.270660 0.413832 -0.561258 -0.716752 -0.831055 0.070611 -0.551689 0 0 0 0 0 0
50.947098 0.513389 2.797828 0.183833 -0.929960 -0.318403 -0.816617 0.023244 -0.576711 0 0 0 0 0 0
50.737840 0.322757 2.379171 -0.110059 -0.975478 0.190603 -0.817939 -0.032127 -0.574408 0 0 0 0 0 0
50.452360 0.019964 2.092323 -0.365679 -0.681998 0.633371 -0.834730 -0.076363 -0.545338 0 0 0 0 0 0
50.072553 -0.289772 1.969098 -0.494241 -0.151505 0.856021 -0.860961 -0.094077 -0.499895 0 0 0 0 0 0
49.612638 -0.498795 1.984452 -0.451009 0.431639 0.781203 -0.887693 -0.079061 -0.453597 0 0 0 0 0 0
49.115060 -0.534487 2.065197 -0.251071 0.864778 0.434883 -0.905523 -0.036598 -0.422715 0 0 0 0 0 0
48.635063 -0.384420 2.115375 0.036129 0.997387 -0.062569 -0.908305 0.018607 -0.417894 0 0 0 0 0 0
48.222015 -0.100772 2.049699 0.310731 0.783394 -0.538276 -0.895067 0.067346 -0.440816 0 0 0 0 0 0
47.901759 0.217905 1.823090 0.477412 0.297138 -0.826914 -0.870378 0.092621 -0.483594 0 0 0 0 0 0
47.668211 0.460853 1.446488 0.478145 -0.292373 -0.828188 -0.842855 0.085784 -0.531259 0 0 0 0 0 0
59.332117 0.221183 -5.186792 -0.373832 -0.902038 0.215818 -0.481573 -0.082049 -0.872557 0 0 0 0 0 0
59.162808 -0.101515 -5.529528 -0.748921 -0.502151 0.432391 -0.466172 -0.086680 -0.880438 0 0 0 0 0 0
58.837626 -0.384969 -5.792740 -0.863758 0.072250 0.498700 -0.513840 -0.092254 -0.852911 0 0 0 0 0 0
58.396629 -0.534605 -5.989150 -0.678409 0.621557 0.391699 -0.556134 -0.065698 -0.828492 0 0 0 0 0 0
57.925376 -0.498481 -6.168085 -0.257295 0.954844 0.148568 -0.577984 -0.016391 -0.815883 0 0 0 0 0 0
57.519732 -0.289123 -6.384878 0.253214 0.956301 -0.146187 -0.572065 0.038631 -0.819298 0 0 0 0 0 0
56.011157 -0.678153 -9.430764 0.486084 0.827631 -0.280624 -0.205187 0.363150 -0.908857 0 0 0 0 0 0
55.130701 0.180040 -10.417718 0.805360 0.367669 -0.464989 -0.517938 0.091230 -0.850539 0 0 0 0 0 0
55.100497 0.437962 -10.851298 0.844781 -0.220095 -0.487753 -0.469942 0.088430 -0.878257 0 0 0 0 0 0
55.167423 0.543663 -11.340960 0.590614 -0.731363 -0.341004 -0.431665 0.054964 -0.900358 0 0 0 0 0 0
55.240300 0.460443 -11.834091 0.131234 -0.988453 -0.075755 -0.416313 0.002415 -0.909218 0 0 0 0 0 0
55.226161 0.217215 -12.276814 -0.373832 -0.902040 0.215808 -0.429277 -0.050995 -0.901732 0 0 0 0 0 0
55.061629 -0.101511 -12.632972 -0.748919 -0.502154 0.432391 -0.466174 -0.086671 -0.880437 0 0 0 0 0 0
54.736451 -0.384965 -12.896187 -0.863758 0.072245 0.498700 -0.513841 -0.092248 -0.852912 0 0 0 0 0 0
54.295450 -0.534603 -13.092614 -0.678403 0.621549 0.391722 -0.556143 -0.065709 -0.828485 0 0 0 0 0 0
53.824210 -0.498493 -13.271451 -0.257296 0.954848 0.148542 -0.577994 -0.016390 -0.815877 0 0 0 0 0 0
45.358863 -0.968964 -24.342849 -0.862830 0.022783 0.504981 -0.964742 -0.067371 -0.254430 0 0 0 0 0 0
36.658677 -0.294695 -12.093360 -0.253214 0.956301 -0.146188 -0.471074 0.078277 0.878614 0 0 0 0 0 0
36.530872 0.020726 -11.726710 -0.675763 0.625415 -0.390128 -0.455205 0.080240 0.886764 0 0 0 0 0 0
36.243625 0.323360 -11.441482 -0.863430 0.077207 -0.498525 -0.501794 0.094009 0.859863 0 0 0 0 0 0
35.824721 0.513623 -11.232370 -0.751071 -0.497849 -0.433634 -0.547022 0.075021 0.833749 0 0 0 0 0 0
35.351922 0.525430 -11.054330 -0.377702 -0.899884 -0.218057 -0.574946 0.030055 0.817639 0 0 0 0 0 0
34.921540 0.354577 -10.851784 0.126947 -0.989198 0.073293 -0.576236 -0.025456 0.816887 0 0 0 0 0 0
34.615374 0.060532 -10.577560 0.587469 -0.734739 0.339175 -0.550182 -0.072045 0.831931 0 0 0 0 0 0
34.471870 -0.254544 -10.209369 0.843829 -0.224945 0.487187 -0.505970 -0.093607 0.857457 0 0 0 0 0 0
34.473095 -0.481172 -9.757638 0.806951 0.363022 0.465882 -0.458841 -0.082680 0.884663 0 0 0 0 0 0
34.550725 -0.540586 -9.261800 0.489641 0.824828 0.282685 -0.425299 -0.042961 0.904033 0 0 0 0 0 0
32.474453 -0.613861 -6.543742 0.257295 0.954844 0.148568 -0.348394 0.442774 0.826180 0 0 0 0 0 0
32.553212 -0.289117 -5.002889 -0.253214 0.956301 -0.146187 -0.423538 0.038636 0.905054 0 0 0 0 0 0
32.429697 0.020722 -4.623261 -0.675761 0.625419 -0.390127 -0.455200 0.080241 0.886766 0 0 0 0 0 0
32.142454 0.323357 -4.338045 -0.863437 0.077215 -0.498513 -0.501797 0.094017 0.859861 0 0 0 0 0 0
31.723538 0.513618 -4.128910 -0.751073 -0.497845 -0.433636 -0.547018 0.075016 0.833753 0 0 0 0 0 0
31.250744 0.525427 -3.950884 -0.377703 -0.899883 -0.218063 -0.574950 0.030055 0.817637 0 0 0 0 0 0
30.820363 0.354578 -3.748342 0.126947 -0.989198 0.073287 -0.576236 -0.025454 0.816887 0 0 0 0 0 0
30.514196 0.060536 -3.474106 0.587468 -0.734742 0.339169 -0.550172 -0.072043 0.831938 0 0 0 0 0 0
30.370690 -0.254541 -3.105929 0.843828 -0.224952 0.487187 -0.505978 -0.093615 0.857451 0 0 0 0 0 0
30.371916 -0.481170 -2.654193 0.806953 0.363016 0.465883 -0.458837 -0.082677 0.884666 0 0 0 0 0 0
30.449550 -0.540588 -2.158365 0.489642 0.824826 0.282690 -0.425304 -0.042968 0.904030 0 0 0 0 0 0
30.508848 -0.412114 -1.673187 0.002144 0.999997 0.001250 -0.416825 0.011659 0.908912 0 0 0 0 0 0
30.461108 -0.140441 -1.249670 -0.486083 0.827629 -0.280629 -0.436729 0.062188 0.897441 0 0 0 0 0 0
30.255196 0.180036 -0.917520 -0.805358 0.367669 -0.464992 -0.477626 0.091227 0.873814 0 0 0 0 0 0
29.894828 0.437960 -0.674604 -0.844783 -0.220096 -0.487750 -0.525642 0.088413 0.846099 0 0 0 0 0 0
29.437310 0.543666 -0.487736 -0.590614 -0.731363 -0.341003 -0.563909 0.054963 0.824006 0 0 0 0 0 0
28.973827 0.460452 -0.304333 -0.131234 -0.988453 -0.075753 -0.579268 0.002438 0.815133 0 0 0 0 0 0
28.597431 0.217207 -0.070583 0.373831 -0.902039 0.215816 -0.566233 -0.051007 0.822665 0 0 0 0 0 0
28.371302 -0.101517 0.249832 0.748921 -0.502155 0.432386 -0.529444 -0.086714 0.843901 0 0 0 0 0 0
28.305935 -0.384959 0.663114 0.863756 0.072245 0.498704 -0.481708 -0.092214 0.871467 0 0 0 0 0 0
28.356342 -0.534615 1.143210 0.678410 0.621555 0.391702 -0.439438 -0.065737 0.895864 0 0 0 0 0 0
28.437001 -0.498477 1.640807 0.257295 0.954843 0.148573 -0.417589 -0.016403 0.908488 0 0 0 0 0 0
26.035738 -0.911713 13.012203 -0.895230 0.041297 -0.443687 -0.830284 -0.088390 0.550287 0 0 0 0 0 0
39.118658 -0.294695 14.395788 0.000000 0.956303 0.292376 0.996443 0.078260 -0.031240 0 0 0 0 0 0
39.500095 0.020728 14.323200 0.000000 0.625422 0.780286 0.995568 0.080235 -0.049051 0 0 0 0 0 0
39.890687 0.323367 14.429414 0.000000 0.077207 0.997015 0.995561 0.094001 0.004707 0 0 0 0 0 0
40.281273 0.513646 14.687529 0.000000 -0.497834 0.867273 0.995565 0.075059 0.056710 0 0 0 0 0 0
40.671852 0.525412 15.008083 0.000000 -0.899894 0.436109 0.995564 0.029960 0.089189 0 0 0 0 0 0
41.062454 0.354575 15.279474 0.000000 -0.989203 -0.146554 0.995557 -0.025437 0.090655 0 0 0 0 0 0
41.453036 0.060533 15.407533 0.000000 -0.734744 -0.678344 0.995570 -0.072028 0.060433 0 0 0 0 0 0
41.843613 -0.254551 15.347720 0.000000 -0.224942 -0.974372 0.995564 -0.093609 0.009494 0 0 0 0 0 0
42.234207 -0.481161 15.120689 0.000000 0.363031 -0.931777 0.995557 -0.082669 -0.045079 0 0 0 0 0 0
42.624810 -0.540590 14.805613 0.000000 0.824820 -0.565395 0.995567 -0.043021 -0.083637 0 0 0 0 0 0
43.015382 -0.412130 14.511710 0.000000 0.999997 -0.002510 0.995559 0.011681 -0.093412 0 0 0 0 0 0
43.405975 -0.140444 14.341266 0.000000 0.827632 0.561271 0.995572 0.062192 -0.070492 0 0 0 0 0 0
43.796560 0.180042 14.353491 0.000000 0.367647 0.929965 0.995563 0.091166 -0.023302 0 0 0 0 0 0
44.187156 0.437961 14.544074 0.000000 -0.220096 0.975478 0.995565 0.088431 0.032088 0 0 0 0 0 0
44.577735 0.543664 14.846889 0.000000 -0.731354 0.681998 0.995558 0.054985 0.076422 0 0 0 0 0 0
44.968313 0.460436 15.156678 0.000000 -0.988462 0.151469 0.995562 0.002362 0.094074 0 0 0 0 0 0
45.358924 0.217200 15.365664 0.000000 -0.902037 -0.431658 0.995566 -0.050988 0.079052 0 0 0 0 0 0
45.749512 -0.101516 15.401326 0.000000 -0.502150 -0.864781 0.995563 -0.086699 0.036575 0 0 0 0 0 0
46.140092 -0.384964 15.251331 0.000000 0.072249 -0.997387 0.995565 -0.092232 -0.018527 0 0 0 0 0 0
46.530674 -0.534610 14.967623 0.000000 0.621542 -0.783381 0.995556 -0.065751 -0.067411 0 0 0 0 0 0
46.921282 -0.498515 14.649004 0.000000 0.954836 -0.297133 0.995574 -0.016391 -0.092544 0 0 0 0 0 0
47.311835 -0.289107 14.406005 0.000000 0.956304 0.292375 0.995549 0.038688 -0.085935 0 0 0 0 0 0
50.703931 -0.678150 14.622529 0.000000 0.827633 0.561270 0.889685 0.363142 0.276746 0 0 0 0 0 0
51.998914 0.180038 14.353488 0.000000 0.367651 0.929964 0.995563 0.091170 -0.023303 0 0 0 0 0 0
52.389509 0.437958 14.544072 0.000000 -0.220080 0.975482 0.995562 0.088464 0.032099 0 0 0 0 0 0
52.780096 0.543690 14.846891 0.000000 -0.731353 0.681999 0.995564 0.054929 0.076390 0 0 0 0 0 0
53.170665 0.460435 15.156679 0.000000 -0.988462 0.151469 0.995563 0.002363 0.094071 0 0 0 0 0 0
53.561277 0.217202 15.365665 0.000000 -0.902038 -0.431657 0.995566 -0.050984 0.079053 0 0 0 0 0 0
53.951866 -0.101512 15.401328 0.000000 -0.502153 -0.864779 0.995563 -0.086699 0.036577 0 0 0 0 0 0
54.342445 -0.384962 15.251334 0.000000 0.072244 -0.997387 0.995565 -0.092234 -0.018529 0 0 0 0 0 0
54.733026 -0.534610 14.967623 0.000000 0.621540 -0.783382 0.995557 -0.065749 -0.067412 0 0 0 0 0 0
55.123634 -0.498514 14.649003 0.000000 0.954836 -0.297134 0.995574 -0.016391 -0.092541 0 0 0 0 0 0
67.198352 -0.625897 13.698944 -0.983886 0.014040 -0.178242 0.566875 -0.295502 -0.768980 0 0 0 0 0 0
61.607515 -0.294691 0.715738 0.253214 0.956301 -0.146191 -0.525335 0.078269 -0.847288 0 0 0 0 0 0
61.353878 0.020725 0.421702 0.675762 0.625414 -0.390131 -0.540320 0.080237 -0.837626 0 0 0 0 0 0
61.250506 0.323364 0.030385 0.863437 0.077207 -0.498513 -0.493758 0.094010 -0.864503 0 0 0 0 0 0
61.278845 0.513630 -0.436979 0.751071 -0.497849 -0.433634 -0.448549 0.075072 -0.890600 0 0 0 0 0 0
61.361028 0.525413 -0.935499 0.377702 -0.899884 -0.218059 -0.420647 0.029999 -0.906728 0 0 0 0 0 0
61.400849 0.354581 -1.409455 -0.126947 -0.989198 0.073293 -0.419302 -0.025448 -0.907490 0 0 0 0 0 0
61.316404 0.060532 -1.811753 -0.587469 -0.734739 0.339175 -0.445418 -0.072039 -0.892420 0 0 0 0 0 0
61.069348 -0.254552 -2.120083 -0.843827 -0.224945 0.487191 -0.489546 -0.093648 -0.866934 0 0 0 0 0 0
60.677522 -0.481172 -2.344866 -0.806949 0.363021 0.465886 -0.536723 -0.082671 -0.839698 0 0 0 0 0 0
60.209297 -0.540592 -2.525557 -0.489641 0.824828 0.282685 -0.570266 -0.042984 -0.820335 0 0 0 0 0 0
59.759443 -0.412100 -2.716873 -0.002144 0.999997 0.001244 -0.578686 0.011701 -0.815467 0 0 0 0 0 0
59.416550 -0.140440 -2.969905 0.486085 0.827628 -0.280629 -0.558876 0.062200 -0.826915 0 0 0 0 0 0
59.231875 0.180043 -3.314281 0.805378 0.367649 -0.464974 -0.517915 0.091181 -0.850558 0 0 0 0 0 0
59.201685 0.437961 -3.747839 0.844780 -0.220100 -0.487752 -0.469942 0.088436 -0.878256 0 0 0 0 0 0
59.268599 0.543664 -4.237514 0.590612 -0.731364 -0.341003 -0.431665 0.054967 -0.900358 0 0 0 0 0 0
59.341474 0.460441 -4.730654 0.131234 -0.988453 -0.075750 -0.416312 0.002406 -0.909219 0 0 0 0 0 0
