t = 0
b = 44 44 44
E = 0 0 0
-11.533114433288574 -12.058297157287598 7.5206756591796875 -0.01754283905029297 0.8112335205078125 0.5844497680664062 0.9281595849249316 0.23051705502030925 -0.29210484321810215 0 0 0 0 0 0
-11.190153121948242 -11.835000038146973 7.2534637451171875 0.0883173942565918 0.6519269943237305 0.7530975341796875 0.7307402085572762 0.4714065338184535 -0.49377364672980656 0 0 0 0 0 0
-11.025763511657715 -11.435288429260254 6.9871826171875 0.29091596603393555 0.19891023635864258 0.9358596801757812 0.6955373836858596 0.6276672711495163 -0.34961691595172295 0 0 0 0 0 0
-10.751026153564453 -10.91665267944336 6.96441650390625 0.4954814910888672 -0.4459977149963379 0.745391845703125 0.8225057786743597 0.5167028305493557 -0.2375772003818775 0 0 0 0 0 0
-10.396639823913574 -10.490178108215332 7.0921478271484375 0.459134578704834 -0.8343148231506348 0.30513763427734375 0.8870565331346042 0.4492954666791719 -0.10626175260256773 0 0 0 0 0 0
-9.979697227478027 -10.30001449584961 7.3563690185546875 0.4059767723083496 -0.8497476577758789 -0.33634185791015625 0.73269043171348 0.5226076960306435 -0.43595337785345056 0 0 0 0 0 0
-9.547432899475098 -10.226367950439453 7.496429443359375 0.15846729278564453 -0.49525022506713867 -0.85418701171875 0.8100548300213676 0.5598450775163806 -0.17431335606671713 0 0 0 0 0 0
-8.912337303161621 -10.236431121826172 7.512481689453125 -0.2914571762084961 -0.1495814323425293 -0.94482421875 0.7006249403834698 0.6390837277193945 -0.31730476435194793 0 0 0 0 0 0
-8.47693157196045 -10.07360553741455 7.2357940673828125 -0.6856107711791992 0.15399694442749023 -0.711517333984375 0.6234018935826843 0.6288243347893129 -0.46460431964943993 0 0 0 0 0 0
-8.121234893798828 -10.030466079711914 6.8006134033203125 -0.8093023300170898 0.5488777160644531 -0.209197998046875 0.5686073590013364 0.6427503893903649 -0.5133122485830984 0 0 0 0 0 0
-7.945309638977051 -9.843420028686523 6.3755950927734375 -0.587303638458252 0.7058811187744141 0.39600372314453125 0.5725372942055507 0.7081681615005369 -0.41320141331281324 0 0 0 0 0 0
-7.970729351043701 -9.43642520904541 5.971923828125 -0.19635319709777832 0.5415511131286621 0.817413330078125 0.4137664744390727 0.8015489861786651 -0.4316486685511919 0 0 0 0 0 0
-7.962475776672363 -8.92696762084961 5.723602294921875 0.17483115196228027 0.2068471908569336 0.9626007080078125 0.4461425085166685 0.8549376539867017 -0.2647422328575813 0 0 0 0 0 0
-7.86945104598999 -8.320172309875488 5.7117767333984375 0.4496324062347412 -0.32246828079223633 0.8329391479492188 0.5895376617578385 0.8077829543777982 -0.005511635372164875 0 0 0 0 0 0
-7.724670886993408 -7.918726921081543 5.9870452880859375 0.7772922515869141 -0.6197714805603027 0.10814666748046875 0.62707159544605 0.7771702416199114 -0.05316799091674587 0 0 0 0 0 0
-7.34773588180542 -7.574463844299316 6.1794586181640625 0.5561673641204834 -0.7331371307373047 -0.391387939453125 0.7512937833155877 0.6448460885592541 -0.14030970924526015 0 0 0 0 0 0
-6.955931186676025 -7.374070167541504 6.34674072265625 0.18803834915161133 -0.46700119972229004 -0.8640289306640625 0.7667321627535688 0.6195998591547835 -0.16802542402815246 0 0 0 0 0 0
-6.439891815185547 -7.1329216957092285 6.3056793212890625 -0.23913145065307617 -0.4130721092224121 -0.878753662109375 0.6515740162167748 0.6027101983290398 -0.46062352856405214 0 0 0 0 0 0
-5.956094741821289 -7.14268684387207 6.0558319091796875 -0.6346893310546875 0.07117271423339844 -0.7694625854492188 0.6632247397918136 0.5612600546547356 -0.4951446271223104 0 0 0 0 0 0
-5.682055950164795 -7.201427936553955 5.6041107177734375 -0.6651580333709717 0.6405425071716309 -0.383758544921875 0.730861684655859 0.4531463335392663 -0.5104225946835647 0 0 0 0 0 0
-5.472553253173828 -7.084745407104492 5.1504669189453125 -0.5968201160430908 0.8008623123168945 0.0492095947265625 0.5286477302883914 0.438612582189456 -0.7267015151334761 0 0 0 0 0 0
-5.422379493713379 -6.944830894470215 4.6985321044921875 -0.3056955337524414 0.8490204811096191 0.43094635009765625 0.28139824508631733 0.5129625246095442 -0.810990747751639 0 0 0 0 0 0
-5.558213710784912 -6.678241729736328 4.2590484619140625 0.30686378479003906 0.6818103790283203 0.6640625 0.3364497902362968 0.5749572237868191 -0.745797358981853 0 0 0 0 0 0
-5.760740280151367 -6.2928314208984375 3.9611968994140625 0.7055294513702393 0.452268123626709 0.5456161499023438 0.2738785524865764 0.5360620436098847 -0.7984975510106316 0 0 0 0 0 0
-5.660370826721191 -5.763065338134766 3.7470703125 0.8762037754058838 -0.19349455833435059 0.4413604736328125 0.47647888237586145 0.48535288819231315 -0.7331409861840799 0 0 0 0 0 0
-5.336872577667236 -5.312343120574951 3.6605224609375 0.6678891181945801 -0.7442593574523926 -0.000762939453125 0.566729581252493 0.5092400287322465 -0.6476743256159512 0 0 0 0 0 0
-4.791637420654297 -5.087788105010986 3.5595550537109375 0.13004064559936523 -0.9738945960998535 -0.18604278564453125 0.5549143330910595 0.22698041902653054 -0.8003190495513453 0 0 0 0 0 0
-4.329537868499756 -5.064364433288574 3.46978759765625 -0.5326318740844727 -0.5761480331420898 -0.619964599609375 0.5883516406522876 0.27450961428336523 -0.76058054222186 0 0 0 0 0 0
-3.9432690143585205 -5.070326805114746 3.026397705078125 -0.7779568433761597 -0.43433070182800293 -0.4540252685546875 0.4297557642505944 0.1593180713702956 -0.8887790955243734 0 0 0 0 0 0
-3.7228357791900635 -5.323800563812256 2.6252593994140625 -0.9122484922409058 0.17414450645446777 -0.37078857421875 0.3966811209164904 0.14965332545919469 -0.9056655822329226 0 0 0 0 0 0
-3.648730754852295 -5.476425647735596 2.1466827392578125 -0.6385678052902222 0.7457053661346436 -0.19012451171875 0.43394116345150013 0.1448791229929349 -0.8892263043057402 0 0 0 0 0 0
-3.7588436603546143 -5.586613655090332 1.6853790283203125 -0.08772194385528564 0.9945464134216309 -0.05641937255859375 0.2010503082131193 -0.03779578302069364 -0.9788514439343966 0 0 0 0 0 0
-3.767167568206787 -5.536346435546875 1.1973724365234375 0.21266818046569824 0.9573042392730713 0.19580841064453125 0.08454675878842385 0.18161274260586555 -0.979728363694619 0 0 0 0 0 0
-4.016042232513428 -5.343100070953369 0.77777099609375 0.7205605506896973 0.6387960910797119 0.2696990966796875 0.026002533600050743 0.3637822950626665 -0.9311084505353882 0 0 0 0 0 0
-4.141044616699219 -5.010131359100342 0.4394989013671875 0.9498584270477295 0.2632784843444824 0.16864776611328125 0.029840957373458342 0.46060624615408496 -0.8871294452777123 0 0 0 0 0 0
-4.165768146514893 -4.653495788574219 0.1165313720703125 0.9914469718933105 -0.013003349304199219 0.129852294921875 0.10066028015266337 0.7094755821150318 -0.6975138266500553 0 0 0 0 0 0
-3.983626127243042 -4.228862285614014 -0.014373779296875 0.8628267049789429 -0.4603242874145508 -0.208892822265625 0.2198534540078866 0.713830650239769 -0.664925451243135 0 0 0 0 0 0
-3.704119920730591 -3.8718996047973633 -0.2284088134765625 0.29348790645599365 -0.7808983325958252 -0.5514144897460938 0.278323637159491 0.6216229816481651 -0.7321891894263571 0 0 0 0 0 0
-3.291407346725464 -3.669379949569702 -0.41131591796875 -0.2206820249557495 -0.6809729337692261 -0.6982803344726562 0.2615904358736784 0.6483641429251068 -0.7149660602044208 0 0 0 0 0 0
-2.982877731323242 -3.5072944164276123 -0.7984619140625 -0.6110817193984985 -0.5487585067749023 -0.5704498291015625 0.26433566342775267 0.537845452076858 -0.8005576223633791 0 0 0 0 0 0
-2.691183090209961 -3.51459002494812 -1.2195281982421875 -0.9474378824234009 0.021350383758544922 -0.3192138671875 0.27571892956015803 0.5606026297640062 -0.7808478988746531 0 0 0 0 0 0
-2.6589291095733643 -3.547574758529663 -1.7531890869140625 -0.8686822652816772 0.49375057220458984 0.04001617431640625 0.23977206421627384 0.4897762687094889 -0.8382003928629146 0 0 0 0 0 0
-2.7692759037017822 -3.565973997116089 -2.221954345703125 -0.36092936992645264 0.8747267723083496 0.3234100341796875 0.1977572210453786 0.4106856253857731 -0.8900816051269518 0 0 0 0 0 0
-3.0425076484680176 -3.292269468307495 -2.675933837890625 0.0839310884475708 0.8176648616790771 0.5695343017578125 -0.051177726445059725 0.5743413854272614 -0.817024305210362 0 0 0 0 0 0
-3.250807523727417 -2.965435266494751 -3.05889892578125 0.45686066150665283 0.6132400035858154 0.644378662109375 0.08491372517061115 0.6910130055986482 -0.7178241395663837 0 0 0 0 0 0
-3.350032091140747 -2.460038423538208 -3.2382354736328125 0.8866000175476074 0.09432554244995117 0.45284271240234375 0.2624148842602636 0.7035933369474522 -0.6603261043449558 0 0 0 0 0 0
-3.19675612449646 -2.0074656009674072 -3.4546966552734375 0.8957552909851074 -0.3547251224517822 0.2679443359375 0.43943953668264446 0.7976481887482061 -0.4130874356313739 0 0 0 0 0 0
-2.9828977584838867 -1.5051004886627197 -3.467254638671875 0.7396602630615234 -0.6699526309967041 -0.06374359130859375 0.610648240639988 0.7079361649306093 -0.35472519666616303 0 0 0 0 0 0
-2.504941463470459 -1.1789095401763916 -3.41241455078125 0.2905184030532837 -0.7569408416748047 -0.5853652954101562 0.7507382831706875 0.5596075251801094 -0.3510397790762318 0 0 0 0 0 0
-2.0422675609588623 -1.050940752029419 -3.4810943603515625 -0.28199970722198486 -0.39342761039733887 -0.8750534057617188 0.7426327750825408 0.4879287404415812 -0.45869984723211377 0 0 0 0 0 0
-1.6480602025985718 -0.9762771725654602 -3.8082275390625 -0.5817294120788574 -0.33262237906455994 -0.7422637939453125 0.7151486581569063 0.22559241943702885 -0.6615708589268133 0 0 0 0 0 0
-1.3341144323349 -1.1435539722442627 -4.215423583984375 -0.7874965667724609 0.4964946210384369 -0.365142822265625 0.5965309274026531 0.4650669138500861 -0.6541627593049211 0 0 0 0 0 0
-1.229854941368103 -1.0330135822296143 -4.802032470703125 -0.5539405345916748 0.7661043107509613 0.325927734375 0.4023477344055576 0.5890673592533034 -0.7008005151702646 0 0 0 0 0 0
-1.229756236076355 -0.686019241809845 -5.23101806640625 -0.10347723960876465 0.5729889869689941 0.81298828125 0.4968622156832893 0.7378708895142485 -0.4568060469221904 0 0 0 0 0 0
-1.2004035711288452 -0.19926482439041138 -5.459259033203125 0.35834670066833496 0.12605071067810059 0.9250640869140625 0.6200813875819288 0.7085470302910551 -0.33675177807633555 0 0 0 0 0 0
-1.033018946647644 0.36542385816574097 -5.4434051513671875 0.678337961435318 -0.41056036949157715 0.6093215942382812 0.6673324468378758 0.6913658040852634 -0.2770778734989947 0 0 0 0 0 0
-0.6482952237129211 0.7985855937004089 -5.352142333984375 0.5690586566925049 -0.7965588569641113 0.20412445068359375 0.8157915164911087 0.5156666915436993 -0.2619693718512264 0 0 0 0 0 0
-0.1994355320930481 1.0597636699676514 -5.243743896484375 0.26779890060424805 -0.9302617609500885 -0.2507781982421875 0.8295472375358204 0.3550116673467408 -0.43106594341196924 0 0 0 0 0 0
0.30835503339767456 1.1078994274139404 -5.23016357421875 -0.12760400772094727 -0.8054687082767487 -0.578765869140625 0.8749539971667617 0.1834157346950053 -0.448166150325175 0 0 0 0 0 0
0.7566153407096863 0.9757534861564636 -5.1974029541015625 -0.3756678104400635 -0.2694582939147949 -0.8867263793945312 0.8765539490430786 0.20730670671371787 -0.43435452381687983 0 0 0 0 0 0
1.1043716669082642 0.7998005747795105 -5.4456634521484375 -0.44517263770103455 0.3671455383300781 -0.8167266845703125 0.8427466994663332 -0.1364687216348659 -0.5207025329518385 0 0 0 0 0 0
1.283988118171692 0.5345856547355652 -5.82220458984375 -0.14324426651000977 0.8362340927124023 -0.529327392578125 0.6889323679490695 -0.29974823328937067 -0.659979643084861 0 0 0 0 0 0
1.4029885530471802 0.3720681071281433 -6.406890869140625 0.20311355590820312 0.9748411178588867 -0.09185791015625 0.7055178599273728 -0.21075436516954785 -0.6766078124704541 0 0 0 0 0 0
1.5881654024124146 0.3826290965080261 -6.914703369140625 0.4039347171783447 0.8142995834350586 0.4167938232421875 0.7751367835527889 -0.06275457894343983 -0.6286168732265472 0 0 0 0 0 0
1.7555381059646606 0.5692278742790222 -7.3602294921875 0.6297460198402405 0.32549381256103516 0.7053375244140625 0.7348715518448973 0.0446317997252291 -0.676711209883071 0 0 0 0 0 0
2.1119039058685303 0.8779084086418152 -7.672119140625 0.6009817123413086 -0.20099163055419922 0.7735443115234375 0.7974518349308829 0.08531445493281313 -0.5973885024758409 0 0 0 0 0 0
2.511885404586792 1.212106466293335 -7.70062255859375 0.4897308349609375 -0.7559658586978912 0.4343414306640625 0.7937694503161729 0.18043337601317097 -0.5809528767460161 0 0 0 0 0 0
3.054224729537964 1.4257628917694092 -7.80517578125 -0.002377033233642578 -0.9886384010314941 0.150299072265625 0.7966175587839713 -0.09273143244829207 -0.5973707444489754 0 0 0 0 0 0
3.6159770488739014 1.4093568325042725 -7.8369140625 -0.33574819564819336 -0.9381771087646484 -0.084228515625 0.913767743747513 -0.30269650558482764 -0.27084578889623956 0 0 0 0 0 0
3.9979875087738037 1.1816785335540771 -7.677093505859375 -0.38402557373046875 -0.4869319498538971 -0.784454345703125 0.9202154053309556 -0.271303568951952 -0.28208126370617836 0 0 0 0 0 0
4.33684778213501 0.8135830760002136 -7.79498291015625 -0.4261946678161621 0.06939172744750977 -0.9020233154296875 0.8031010027573618 -0.4298580007861018 -0.4125236542776335 0 0 0 0 0 0
4.47658109664917 0.33615177869796753 -8.026153564453125 -0.086669921875 0.6773114204406738 -0.7305908203125 0.802061790187997 -0.38750047971857127 -0.45438995920062 0 0 0 0 0 0
4.773232936859131 0.11743992567062378 -8.366455078125 -0.07085084915161133 0.9431672096252441 -0.3246307373046875 0.766781766635079 -0.15670112873708508 -0.6226228215304372 0 0 0 0 0 0
5.0281548500061035 0.05046195164322853 -8.887603759765625 0.18938302993774414 0.9389555361121893 0.28717041015625 0.8440459402743027 -0.0062524871120202274 -0.5361874508718321 0 0 0 0 0 0
5.174007892608643 0.3221527934074402 -9.320556640625 0.5386185646057129 0.534675121307373 0.6511688232421875 0.7935209974951357 -0.06214153315100681 -0.6053416484483265 0 0 0 0 0 0
5.569552898406982 0.5277630686759949 -9.55987548828125 0.4852867126464844 0.15727758407592773 0.860137939453125 0.8293479009075132 0.22866607529293995 -0.5097270382383366 0 0 0 0 0 0
5.922452449798584 0.8001410365104675 -9.549560546875 0.4390573501586914 -0.8244490623474121 0.3571319580078125 0.800226918927385 0.17814822262797117 -0.5725373236996892 0 0 0 0 0 0
-6.226393222808838 -6.092358112335205 5.260711669921875 0.6052815914154053 -0.789409875869751 -0.1023101806640625 -0.7032953502670638 -0.5905374768084358 0.3957024330942324 0 0 0 0 0 0
-6.620935916900635 -6.520725727081299 5.222198486328125 0.7866811752319336 -0.5049395561218262 0.35518646240234375 -0.6086293960042928 -0.7306457117894121 0.30931743961470465 0 0 0 0 0 0
-6.7034478187561035 -7.031948566436768 5.19915771484375 0.7448434829711914 -0.17958998680114746 0.6426239013671875 -0.40845641124505433 -0.8842748499353088 0.2263052884522488 0 0 0 0 0 0
-6.59377908706665 -7.553223133087158 5.1666259765625 0.046443939208984375 0.24066805839538574 0.9694671630859375 -0.4674547878077763 -0.8525112448202813 0.23402821306172666 0 0 0 0 0 0
-6.5910210609436035 -8.006736755371094 5.459320068359375 -0.43501734733581543 0.6204116344451904 0.6525421142578125 -0.426370390172194 -0.7803077109055006 0.45764627240569994 0 0 0 0 0 0
-6.57537317276001 -8.376346588134766 5.7975006103515625 -0.7031142711639404 0.6314444541931152 0.32695770263671875 -0.47549944516145737 -0.7594123952121671 0.44408282296993007 0 0 0 0 0 0
-6.9444756507873535 -8.744674682617188 6.1052093505859375 -0.5848193168640137 0.8026266098022461 -0.11737823486328125 -0.7810929139375168 -0.5181741599305401 0.34842792713419785 0 0 0 0 0 0
-7.197420597076416 -8.727130889892578 6.5593719482421875 -0.6457138061523438 0.30372142791748047 -0.7006072998046875 -0.7165419990182762 -0.558092717491626 0.4184603050366831 0 0 0 0 0 0
-7.690515995025635 -8.69796371459961 6.83837890625 -0.2082657814025879 -0.2522921562194824 -0.944976806640625 -0.7672731047550361 -0.5570255905852598 0.3178172394482891 0 0 0 0 0 0
-8.205083847045898 -8.742626190185547 6.892486572265625 0.19867897033691406 -0.6636142730712891 -0.7212066650390625 -0.7435667789305177 -0.5814501596533407 0.330179343251061 0 0 0 0 0 0
-8.695241928100586 -8.977569580078125 6.787200927734375 0.6015110015869141 -0.7280802726745605 -0.32878875732421875 -0.7267564689486761 -0.6695208586659019 0.1530250553612303 0 0 0 0 0 0
-9.075223922729492 -9.38491439819336 6.5921478271484375 0.8755278587341309 -0.47576904296875 0.084228515625 -0.4792812999136967 -0.8331472148122442 0.2758979786003875 0 0 0 0 0 0
-9.290555953979492 -9.823501586914062 6.4109344482421875 0.7188773155212402 -0.20870447158813477 0.6630706787109375 -0.5625753191588141 -0.734957016139999 0.37859285228828454 0 0 0 0 0 0
-9.338571548461914 -10.368545532226562 6.422821044921875 0.35562992095947266 0.1432490348815918 0.9235763549804688 -0.507251652326228 -0.8004021069142615 0.31946540506901405 0 0 0 0 0 0
-9.367307662963867 -10.911632537841797 6.5523834228515625 -0.10660886764526367 0.6262898445129395 0.772247314453125 -0.7413330739908032 -0.5676915413971904 0.3580546833272271 0 0 0 0 0 0
-9.473031997680664 -11.300178527832031 6.9786224365234375 -0.47573328018188477 0.8051156997680664 0.35419464111328125 -0.6617819156772032 -0.5928936000291661 0.45883321005228195 0 0 0 0 0 0
-9.805540084838867 -11.476886749267578 7.3930511474609375 -0.5135631561279297 0.841677188873291 -0.1668548583984375 -0.7878053749928036 -0.3854446172612892 0.480464720311546 0 0 0 0 0 0
-10.119726181030273 -11.386188507080078 7.8661041259765625 -0.5280804634094238 0.40441274642944336 -0.7466888427734375 -0.8463592969115662 -0.3223533561572397 0.42398116257335644 0 0 0 0 0 0
-10.618974685668945 -11.333419799804688 8.100814819335938 -0.37162303924560547 -0.03785371780395508 -0.9276199340820312 -0.9063670078882455 -0.20149758397014259 0.3713312771421094 0 0 0 0 0 0
-11.104368209838867 -11.106395721435547 8.173599243164062 -0.14729022979736328 -0.5355739593505859 -0.8315277099609375 -0.9455517379481739 -0.17051240802870046 0.2773119109462377 0 0 0 0 0 0
-11.657350540161133 -11.012054443359375 8.090316772460938 0.1114511489868164 -0.9134054183959961 -0.39150238037109375 -0.8823810634871213 -0.272150160932494 0.38375513349580287 0 0 0 0 0 0
-0.5115006566047668 13.476795196533203 12.13739013671875 -0.6992959976196289 -0.5923986434936523 0.40004730224609375 -0.02956811443508226 -0.5352056237333326 -0.8442300389858718 0 0 0 0 0 0
-0.302232563495636 13.096717834472656 11.954208374023438 -0.9954643249511719 0.009799003601074219 -0.0946044921875 0.07122580593924806 -0.582350994803482 -0.8097840446281421 0 0 0 0 0 0
-0.4466751217842102 12.602155685424805 11.749465942382812 -0.8685576915740967 0.39728641510009766 -0.2962493896484375 -0.07887514462771218 -0.7009809552116816 -0.7088034762139463 0 0 0 0 0 0
-0.6821983456611633 12.145620346069336 11.575653076171875 -0.5202865600585938 0.6879186630249023 -0.5060195922851562 -0.36546764711163326 -0.7148902212020487 -0.596100279217032 0 0 0 0 0 0
-1.0684374570846558 11.802286148071289 11.4991455078125 -0.07053732872009277 0.6854104995727539 -0.7247543334960938 -0.34994123165696095 -0.6973724628704842 -0.6254567479266853 0 0 0 0 0 0
-1.4288285970687866 11.634902954101562 11.143478393554688 0.6352460384368896 0.44028759002685547 -0.6344985961914062 -0.27925645341207966 -0.6350459806826244 -0.7202528466920236 0 0 0 0 0 0
-1.6620920896530151 11.558036804199219 10.728317260742188 0.9528195858001709 0.10838031768798828 -0.28354644775390625 -0.16591338996455507 -0.5962438259258455 -0.7854325968187208 0 0 0 0 0 0
-1.7033222913742065 11.498703002929688 10.159072875976562 0.9614825248718262 -0.21275997161865234 0.1740264892578125 0.0003906302745990257 -0.632080161275455 -0.7749219209761065 0 0 0 0 0 0
-1.5342835187911987 11.308942794799805 9.640365600585938 0.8112895488739014 -0.2869272232055664 0.5094146728515625 0.35718164941223396 -0.44655900458743836 -0.8203683495453148 0 0 0 0 0 0
-1.186344027519226 11.310089111328125 9.279281616210938 0.40552735328674316 -0.702824592590332 0.5844497680664062 0.3532303675912489 -0.46922698891582487 -0.8093575688324834 0 0 0 0 0 0
-0.7759478688240051 11.144290924072266 8.966720581054688 -0.16693592071533203 -0.8042287826538086 0.5704116821289062 0.3205735084119851 -0.5913518187983962 -0.7399338631940373 0 0 0 0 0 0
-0.34694987535476685 10.846084594726562 8.90655517578125 -0.6399774551391602 -0.7159566879272461 0.27896881103515625 0.4531548160773445 -0.6448829094302373 -0.6154787172164845 0 0 0 0 0 0
-0.015301051549613476 10.453069686889648 8.711196899414062 -0.9575211931951344 -0.26642799377441406 -0.110321044921875 0.2730353721126167 -0.7145576822536986 -0.6441108822085877 0 0 0 0 0 0
0.023147758096456528 9.902486801147461 8.668655395507812 -0.8927237894386053 0.13037681579589844 -0.43132781982421875 0.16573738264568802 -0.7951175323603036 -0.5833674174836865 0 0 0 0 0 0
-0.058334652334451675 9.421880722045898 8.52008056640625 -0.3496146108955145 0.6201457977294922 -0.7022857666015625 0.32865015397054154 -0.6207701226506595 -0.7117741842297471 0 0 0 0 0 0
-0.12081795930862427 9.07583236694336 8.161956787109375 0.11190414428710938 0.8293676376342773 -0.5473709106445312 0.046271213899603855 -0.5545895875615603 -0.8308456051499569 0 0 0 0 0 0
-0.4605448842048645 8.932958602905273 7.777069091796875 0.6019735336303711 0.5873918533325195 -0.540924072265625 -0.19975323294866323 -0.5450957416386882 -0.814219555014985 0 0 0 0 0 0
-0.6386492848396301 8.973600387573242 7.2431488037109375 0.985039472579956 0.012755393981933594 -0.17185211181640625 -0.11986987196971051 -0.665752250952987 -0.7364965514869619 0 0 0 0 0 0
-0.586755096912384 8.905014038085938 6.681732177734375 0.9466290473937988 -0.1451587677001953 0.28778076171875 0.14110509186277098 -0.6160979016871717 -0.774916952586291 0 0 0 0 0 0
-0.22042447328567505 8.940702438354492 6.27252197265625 0.5122649599798024 -0.6352424621582031 0.5780029296875 0.2783536977646638 -0.5138591617040904 -0.8114422623820918 0 0 0 0 0 0
0.21728485822677612 8.759283065795898 5.9637908935546875 -0.16061663627624512 -0.7955789566040039 0.5841827392578125 0.12513232310693628 -0.6034914276988255 -0.787470626272996 0 0 0 0 0 0
0.4659225344657898 8.412925720214844 5.655029296875 -0.8048760890960693 -0.4344296455383301 0.4042816162109375 0.04760375229137528 -0.7263204010422657 -0.6857101121729638 0 0 0 0 0 0
0.6224300265312195 7.876348972320557 5.540802001953125 -0.9245991706848145 -0.16605377197265625 0.342864990234375 0.06645589174959857 -0.956470133884792 -0.2840196983815567 0 0 0 0 0 0
0.5350663065910339 7.436737537384033 5.63916015625 -0.8547401428222656 0.1836252212524414 -0.48549652099609375 0.027161761846594506 -0.9182283783822399 -0.39511330986924886 0 0 0 0 0 0
0.2767588496208191 6.9327073097229 5.627532958984375 -0.418698787689209 0.5001640319824219 -0.7579803466796875 -0.09708602761157518 -0.8545244174326369 -0.5102409022637189 0 0 0 0 0 0
-0.016810718923807144 6.578061580657959 5.3909454345703125 0.1184689998626709 0.5992960929870605 -0.7917022705078125 -0.12607185254475628 -0.7817986286919799 -0.6106644984729596 0 0 0 0 0 0
-0.4108460545539856 6.325683116912842 5.0819854736328125 0.6713438034057617 0.353548526763916 -0.651397705078125 -0.22805132623166596 -0.7376988357119942 -0.6354231494197298 0 0 0 0 0 0
-0.6377795338630676 6.245985507965088 4.606048583984375 0.9656131267547607 -0.009014606475830078 -0.25981903076171875 -0.1916949798252572 -0.6998311824843577 -0.6881500774537928 0 0 0 0 0 0
-0.6843860745429993 6.226236820220947 4.0657806396484375 0.8737730979919434 -0.4409360885620117 0.2051544189453125 -0.17750382804213755 -0.6818864810162941 -0.709564477320061 0 0 0 0 0 0
-0.5288670659065247 5.988794803619385 3.6058807373046875 0.49573302268981934 -0.5893754959106445 0.6378936767578125 -0.031115460223095026 -0.7460746797249029 -0.6651471689717823 0 0 0 0 0 0
-0.22617703676223755 5.710530757904053 3.34124755859375 -0.18760442733764648 -0.6694126129150391 0.7188034057617188 0.13467997750282285 -0.7424267088693598 -0.6562618363347904 0 0 0 0 0 0
0.07654207944869995 5.221123218536377 3.170745849609375 -0.5916321277618408 -0.45972347259521484 0.6622695922851562 0.2459623779172877 -0.8852591593018301 -0.3947866139561712 0 0 0 0 0 0
0.7363888621330261 5.52317476272583 2.86004638671875 0.1259005069732666 -0.9167075157165527 0.37921905517578125 0.9917646871734558 0.10790441684310442 -0.06842189668503959 0 0 0 0 0 0
1.3820244073867798 5.477558612823486 3.0018463134765625 -0.35393357276916504 -0.4413628578186035 0.8245849609375 0.8236507103090617 -0.5647917250550293 0.05122522332075571 0 0 0 0 0 0
1.807386040687561 5.336622714996338 3.330780029296875 -0.6706321239471436 -0.6787514686584473 0.29926300048828125 0.7349464870396801 -0.6625660782742601 0.14422439395638204 0 0 0 0 0 0
2.0677902698516846 4.99531888961792 3.7500762939453125 -0.653252899646759 -0.5799031257629395 -0.4868316650390625 0.6653984213045887 -0.7465223372869199 -0.003620987334331939 0 0 0 0 0 0
2.1766889095306396 4.535010814666748 3.9415283203125 -0.35349011421203613 -0.25995731353759766 -0.898590087890625 0.5311484476841893 -0.8465259731128263 0.03595064402570316 0 0 0 0 0 0
2.170034170150757 3.9779508113861084 4.020233154296875 -0.04536151885986328 0.11335551738739014 -0.9925079345703125 0.4227848281351151 -0.898006173351853 -0.12188528891192926 0 0 0 0 0 0
2.0791094303131104 3.4929683208465576 3.85986328125 0.3328073024749756 0.44274330139160156 -0.8325958251953125 0.19220285643568635 -0.896231399321521 -0.39975450788502587 0 0 0 0 0 0
1.930690884590149 3.164609670639038 3.5693817138671875 0.8440819382667542 0.3785371780395508 -0.379791259765625 0.1681441323838068 -0.8594048970145235 -0.48286861433229245 0 0 0 0 0 0
1.9272576570510864 2.930356740951538 3.0706024169921875 0.9691587090492249 0.1767897605895996 0.17169952392578125 0.24437632128354866 -0.7794975660275932 -0.5767765088386411 0 0 0 0 0 0
2.1489202976226807 2.7697970867156982 2.6047515869140625 0.7391583919525146 -0.1558089256286621 0.6552886962890625 0.24652362204549194 -0.8427958605968088 -0.47846868622775757 0 0 0 0 0 0
2.4323785305023193 2.561304807662964 2.2552337646484375 0.21440744400024414 -0.382080078125 0.898895263671875 0.07698772843639777 -0.9108509034685688 -0.40552524989606964 0 0 0 0 0 0
2.7488925457000732 2.2031028270721436 2.0999298095703125 -0.3116464614868164 -0.3279590606689453 0.8917999267578125 0.05984448186895282 -0.9434704092902881 -0.326047737235105 0 0 0 0 0 0
2.9769303798675537 1.6957433223724365 2.0755462646484375 -0.8280587196350098 -0.12306451797485352 0.5469894409179688 -0.010388278857629633 -0.9720446128643087 -0.23442190475755342 0 0 0 0 0 0
2.89209246635437 1.162499189376831 2.3068695068359375 -0.9588909149169922 0.2415609359741211 -0.14892578125 -0.18624565411999125 -0.9316443043053314 -0.31196481948636856 0 0 0 0 0 0
2.6650960445404053 0.6632010340690613 2.395416259765625 -0.8168673515319824 0.41524171829223633 -0.400390625 -0.3584223412907519 -0.9092289151928669 -0.21170892401789682 0 0 0 0 0 0
2.310354471206665 0.30041760206222534 2.50225830078125 -0.35941004753112793 0.4517793655395508 -0.8165359497070312 -0.5400774330762027 -0.8142697016652397 -0.21280262475441314 0 0 0 0 0 0
1.819825291633606 0.028081122785806656 2.45428466796875 0.13097047805786133 0.24273156188428402 -0.9611892700195312 -0.6580847978980872 -0.7038794636283124 -0.26742229671672557 0 0 0 0 0 0
1.331225037574768 -0.017663296312093735 2.204345703125 0.6858408451080322 -0.16813755966722965 -0.7080459594726562 -0.64840545815378 -0.5829825645106966 -0.4896316079900825 0 0 0 0 0 0
1.0110713243484497 -0.10194188356399536 1.8004150390625 0.7875049114227295 -0.546790361404419 -0.2843475341796875 -0.5826570180794445 -0.5101253490117618 -0.6327244580608722 0 0 0 0 0 0
0.8163062930107117 -0.34206563234329224 1.24713134765625 0.8166871964931488 -0.537257194519043 0.2106475830078125 -0.4390087322129564 -0.8153262254400532 -0.3774411679234132 0 0 0 0 0 0
0.8885146975517273 -0.6591470837593079 0.9032135009765625 0.3102956712245941 -0.4995584487915039 0.8087921142578125 -0.3807332927263459 -0.8448751955093048 -0.37577598014277347 0 0 0 0 0 0
0.9812723994255066 -1.1295921802520752 0.651031494140625 -0.20618319511413574 -0.19763469696044922 0.9583663940429688 -0.3294223712291204 -0.9081794692199913 -0.25815714403691503 0 0 0 0 0 0
0.9031841158866882 -1.7001774311065674 0.7613677978515625 -0.4953157901763916 0.30039548873901367 0.81512451171875 -0.4381682466986196 -0.8965877781687006 0.06416108425742892 0 0 0 0 0 0
0.7964774966239929 -2.1918575763702393 0.950347900390625 -0.7155323028564453 0.5865859985351562 0.3794097900390625 -0.543046119171874 -0.8086516859544722 0.22607934406648797 0 0 0 0 0 0
0.608294665813446 -2.5721685886383057 1.281707763671875 -0.8292651176452637 0.5482339859008789 -0.10845184326171875 -0.5423225856155006 -0.7425464601956643 0.3931698705163037 0 0 0 0 0 0
0.2757503390312195 -2.7332141399383545 1.734771728515625 -0.7086741994135082 0.28231143951416016 -0.6465911865234375 -0.5801374233001936 -0.7547163529921751 0.3063193066919462 0 0 0 0 0 0
-0.16192084550857544 -2.88574481010437 1.9634552001953125 -0.3728044033050537 -0.13185977935791016 -0.9185028076171875 -0.7449496768292572 -0.5476236107035922 0.3809787464329941 0 0 0 0 0 0
-0.6841772198677063 -2.992025136947632 2.0508575439453125 0.010534524917602539 -0.4210221767425537 -0.906982421875 -0.688293663355529 -0.6610332028500018 0.29885782202416294 0 0 0 0 0 0
-1.1942332983016968 -3.1064155101776123 1.976104736328125 0.4306066036224365 -0.745995044708252 -0.5080032348632812 -0.7647001007181287 -0.6005240537371599 0.23366594346197692 0 0 0 0 0 0
-1.6348613500595093 -3.4346988201141357 1.886505126953125 0.7797551155090332 -0.6039977073669434 -0.16483306884765625 -0.6196280418731714 -0.7821907675743365 -0.06501550386631895 0 0 0 0 0 0
-1.8532506227493286 -3.745755434036255 1.566864013671875 0.7042497396469116 -0.54004967212677 0.46085357666015625 -0.5939139510437328 -0.8037962047533219 -0.03434091051923593 0 0 0 0 0 0
-1.8268357515335083 -4.210131645202637 1.366455078125 0.19421041011810303 -0.22457242012023926 0.95489501953125 -0.5540066203511874 -0.8284627111007419 -0.08216193556359036 0 0 0 0 0 0
-3.207249641418457 -3.418114423751831 1.26861572265625 -0.6621557474136353 0.03322243690490723 -0.7486343383789062 -0.5326575037388802 -0.7235334636954646 0.4390189787035134 0 0 0 0 0 0
-3.484633207321167 -4.40330696105957 1.4522857666015625 -0.348394513130188 -0.8998572826385498 -0.262451171875 -0.5893944374122756 -0.00741163101311888 0.8078119700995355 0 0 0 0 0 0
-4.0287699699401855 -4.380051136016846 1.6939239501953125 0.2797788381576538 -0.9598231315612793 -0.021514892578125 -0.6137240392511265 -0.19603766400636027 0.7647951696570403 0 0 0 0 0 0
-4.465219020843506 -4.570627212524414 1.92718505859375 0.6975114345550537 -0.6953692436218262 0.17303466796875 -0.4941122804800999 -0.29184795432329325 0.8189507686642892 0 0 0 0 0 0
-4.813879489898682 -5.0040435791015625 2.237335205078125 0.8978366851806641 -0.36252856254577637 0.24990081787109375 -0.39495333450496356 -0.4121884651093052 0.8210197255328502 0 0 0 0 0 0
-4.92026424407959 -5.453721046447754 2.4147491455078125 0.7902240753173828 0.3076493740081787 0.5300140380859375 -0.37847006958395935 -0.4352189491516137 0.8169047740676605 0 0 0 0 0 0
-4.836651802062988 -5.846566677093506 2.731231689453125 0.42247772216796875 0.7138991355895996 0.5584335327148438 -0.19655289640615123 -0.5293004084606341 0.8253557442830203 0 0 0 0 0 0
-4.663308143615723 -6.202271938323975 3.1844329833984375 -0.0933539867401123 0.9429669380187988 0.31955718994140625 -0.20776467933725995 -0.33233205096127383 0.919968270576074 0 0 0 0 0 0
-4.499213218688965 -6.202356815338135 3.7679290771484375 -0.6516492366790771 0.754619836807251 -0.0768280029296875 -0.3486463823515388 -0.20803056136509354 0.9138746028100072 0 0 0 0 0 0
-4.565103054046631 -6.026950836181641 4.244476318359375 -0.9064960479736328 0.20874500274658203 -0.366973876953125 -0.40778091961007273 -0.2077448406280184 0.8891262164139777 0 0 0 0 0 0
-4.833536624908447 -5.974630832672119 4.7328643798828125 -0.7235908508300781 -0.07419466972351074 -0.6862258911132812 -0.6497208531843224 -0.26237010619519746 0.7134655434493669 0 0 0 0 0 0
-5.2526445388793945 -5.793284893035889 4.98577880859375 -0.28795957565307617 -0.7097029685974121 -0.6429672241210938 -0.642567061864003 -0.3546190273256002 0.6792064952829694 0 0 0 0 0 0
-5.71452522277832 -5.869929790496826 5.150665283203125 0.33597230911254883 -0.9000658988952637 -0.27751922607421875 -0.7133372423710258 -0.43553916684695293 0.5489795909710448 0 0 0 0 0 0
0.08729380369186401 7.808599948883057 6.6302032470703125 0.16625046730041504 0.8217751979827881 -0.5450057983398438 0.05256633343418099 0.5445328249152149 0.837097052710708 0 0 0 0 0 0
0.40979069471359253 8.192892074584961 6.9481658935546875 -0.4583859443664551 0.6555986404418945 -0.6000518798828125 -0.06820642081248643 0.6472279072491747 0.7592453518411992 0 0 0 0 0 0
0.5792853236198425 8.689519882202148 7.0557098388671875 -0.9475409984588623 0.17966747283935547 -0.2643585205078125 -0.01992621085891225 0.792252964193438 0.6098649264233356 0 0 0 0 0 0
0.4542943835258484 9.200441360473633 6.996002197265625 -0.8931183815002441 -0.30470848083496094 0.33092498779296875 -0.0719875876257333 0.822989427078683 0.5635066169032902 0 0 0 0 0 0
0.20981711149215698 9.709236145019531 7.1343841552734375 -0.4687750432640314 -0.679783821105957 0.5640411376953125 -0.24524590901994361 0.7136128405853995 0.6562239475380456 0 0 0 0 0 0
-0.12273150682449341 10.057455062866211 7.4668121337890625 0.08429646492004395 -0.8292484283447266 0.5524826049804688 -0.3709065459301534 0.48849586266153505 0.7897995938134938 0 0 0 0 0 0
-0.598476231098175 10.126117706298828 7.67578125 0.48209428787231445 -0.5110692977905273 0.7115936279296875 -0.5059690788760266 0.5006844073663748 0.7023801389392633 0 0 0 0 0 0
-1.0191386938095093 10.077825546264648 8.060775756835938 0.8505107462406158 -0.12558460235595703 0.5107498168945312 -0.3679050887998076 0.5519210209621623 0.7483507598578327 0 0 0 0 0 0
-1.127207636833191 9.993825912475586 8.570663452148438 0.8991040289402008 0.41498661041259766 0.13927459716796875 -0.3561782194754243 0.5086055577901272 0.7838958281465905 0 0 0 0 0 0
-1.2291535139083862 10.084056854248047 9.099853515625 0.8155585825443268 0.5686569213867188 -0.10723114013671875 -0.16234785765525578 0.40270561599990207 0.900831111448199 0 0 0 0 0 0
-1.0626286268234253 10.133750915527344 9.57421875 0.24851098656654358 0.8534669876098633 -0.45806884765625 -0.035628632462920334 0.4806411797432045 0.8761942123916233 0 0 0 0 0 0
-0.8038676381111145 10.41659164428711 9.94049072265625 -0.28492212295532227 0.8130455017089844 -0.5077362060546875 0.19051367701628452 0.5671383734005355 0.8012580887102081 0 0 0 0 0 0
-0.6381376385688782 10.802070617675781 10.28216552734375 -0.666968822479248 0.5049467086791992 -0.5479049682617188 0.03192770815349374 0.7540261431972708 0.6560412008935048 0 0 0 0 0 0
-0.4764111638069153 11.289237976074219 10.29193115234375 -0.9925603866577148 0.10249137878417969 -0.0656890869140625 0.04561914263981464 0.8134467147422142 0.5798759473343885 0 0 0 0 0 0
-0.5674822926521301 11.812044143676758 10.350372314453125 -0.8503115177154541 -0.3510475158691406 0.39211273193359375 -0.01598948614378708 0.761948962258977 0.6474776907592642 0 0 0 0 0 0
-0.7898524403572083 12.261520385742188 10.418869018554688 -0.47081589698791504 -0.5591964721679688 0.682373046875 -0.0075558195428959635 0.7759998213204904 0.6307092059113285 0 0 0 0 0 0
-1.0073221921920776 12.665592193603516 10.6917724609375 -0.10347843170166016 -0.7691383361816406 0.630645751953125 -0.15839998114006862 0.6387041629904756 0.7529756192508701 0 0 0 0 0 0
-1.3131955862045288 12.941749572753906 10.981735229492188 0.5400502681732178 -0.6714677810668945 0.5073928833007812 0.044836078067042574 0.624996792992258 0.7793792281987375 0 0 0 0 0 0
-1.520086646080017 13.02541732788086 11.472320556640625 0.8888912200927734 -0.3868675231933594 0.245361328125 -0.03454453123611638 0.47746996018073856 0.8779865721243993 0 0 0 0 0 0
-1.5439141988754272 13.110965728759766 11.983856201171875 0.9953880310058594 -0.013585090637207031 -0.09494781494140625 0.08366816547521233 0.6069407193192224 0.7902967103896726 0 0 0 0 0 0
-1.3745802640914917 13.215616226196289 12.4442138671875 0.6404125690460205 0.4749631881713867 -0.6035614013671875 0.056295097708514985 0.7547070309941722 0.6536371358919175 0 0 0 0 0 0
10.991508483886719 -3.9150586128234863 -13.42266845703125 -0.05290985107421875 0.3524237871170044 -0.934295654296875 -0.3001411433220005 0.8868061231317559 0.35150757047479625 0 0 0 0 0 0
11.157693862915039 -3.394578695297241 -13.322998046875 -0.5304670333862305 0.08448362350463867 -0.843505859375 -0.2967149165914761 0.9135285710940604 0.2780960947924824 0 0 0 0 0 0
11.218219757080078 -2.884439706802368 -13.465423583984375 -0.9171724319458008 -0.20222187042236328 -0.3433990478515625 -0.27939502192306476 0.9406209878865559 0.19231059787423543 0 0 0 0 0 0
11.153289794921875 -2.423706293106079 -13.641357421875 -0.8635997772216797 -0.43448686599731445 0.2558135986328125 -0.37578614689697487 0.8929350012246626 0.2479918886925571 0 0 0 0 0 0
10.913444519042969 -1.9757578372955322 -13.855255126953125 -0.6087875366210938 -0.4963338375091553 0.618896484375 -0.4615770072290154 0.8560587477652385 0.2324921822185198 0 0 0 0 0 0
10.464479446411133 -1.5987613201141357 -13.712646484375 -0.1646709442138672 -0.6075870990753174 0.7769775390625 -0.5518941141697633 0.7096486979178808 0.4379695058555838 0 0 0 0 0 0
9.9736328125 -1.4217822551727295 -13.561279296875 0.37882566452026367 -0.31206369400024414 0.87127685546875 -0.6008865461021061 0.633064146210594 0.4880051369036454 0 0 0 0 0 0
9.49913501739502 -1.4091355800628662 -13.21826171875 0.7927656173706055 0.005906820297241211 0.6095123291015625 -0.5084655094483261 0.55778510686018 0.6559329779400458 0 0 0 0 0 0
9.235071182250977 -1.3253872394561768 -12.779144287109375 0.8647322654724121 0.39228081703186035 0.3136444091796875 -0.46922077397476303 0.408327250892134 0.7829611754657083 0 0 0 0 0 0
9.22500991821289 -1.3119895458221436 -12.204254150390625 0.641624927520752 0.7534909248352051 -0.1434326171875 -0.36934906036208087 0.4674096744188243 0.8032021309315137 0 0 0 0 0 0
9.437569618225098 -1.1559255123138428 -11.785736083984375 -0.034711360931396484 0.8840368688106537 -0.4660797119140625 -0.2952882808958399 0.4364727327156365 0.8498714617322445 0 0 0 0 0 0
9.566590309143066 -0.7875102162361145 -11.40460205078125 -0.5907750129699707 0.5555510520935059 -0.585174560546875 -0.3024024000591343 0.5198800142903458 0.798858498362605 0 0 0 0 0 0
9.428905487060547 -0.2910764813423157 -11.01116943359375 -0.7235026359558105 0.04713296890258789 -0.6887054443359375 -0.588534336194298 0.47932062933642033 0.651073621664649 0 0 0 0 0 0
9.243038177490234 0.18179720640182495 -10.7579345703125 -0.744624137878418 -0.31811713241040707 -0.5867767333984375 -0.6668242863103012 0.39450013254833316 0.6323294488168714 0 0 0 0 0 0
8.892708778381348 0.5382134318351746 -10.707672119140625 -0.5060172080993652 -0.859227180480957 -0.07537841796875 -0.7690230439506607 0.40988024335247336 0.49030808591282293 0 0 0 0 0 0
8.34364128112793 0.7168814539909363 -10.6497802734375 -0.12493133544921875 -0.9331774711608887 0.3369903564453125 -0.8256614861080682 0.2861302368319834 0.4862432874029745 0 0 0 0 0 0
7.8526291847229 0.7168270945549011 -10.603668212890625 0.17821788787841797 -0.7680749893188477 0.6150054931640625 -0.909010383945665 0.11073508156196152 0.4017114644021004 0 0 0 0 0 0
7.437978267669678 0.42053478956222534 -10.550048828125 0.37066221237182617 -0.014989376068115234 0.92864990234375 -0.9199047053179888 -0.14368383804631055 0.3648524393379134 0 0 0 0 0 0
7.001288890838623 0.12893027067184448 -10.2864990234375 0.46307802200317383 0.44573187828063965 0.7660675048828125 -0.8383275866368127 -0.0603638113043719 0.541880647537513 0 0 0 0 0 0
6.741288661956787 -0.051704224199056625 -9.8349609375 0.36590576171875 0.8766639139503241 0.312347412109375 -0.7864392589110931 0.1118238460272654 0.6074349208301226 0 0 0 0 0 0
6.643260478973389 -0.08550578355789185 -9.379852294921875 -0.16588687896728516 0.9588885307312012 -0.230255126953125 -0.7435503102211064 0.03174996810220553 0.6679109499843219 0 0 0 0 0 0
6.451320171356201 -0.03091317042708397 -8.916351318359375 -0.35376548767089844 0.7525741960853338 -0.555419921875 -0.7242475102530189 0.1553525115059982 0.6717945295443178 0 0 0 0 0 0
6.157013416290283 0.42054909467697144 -8.58416748046875 -0.5150747299194336 0.17425060272216797 -0.8392333984375 -0.8043015357792582 0.24022982294293235 0.5435145796201323 0 0 0 0 0 0
5.751963138580322 0.8766600489616394 -8.42926025390625 -0.45313596725463867 -0.34329652786254883 -0.8226776123046875 -0.8872196630686009 0.26330383088304177 0.37881163242527854 0 0 0 0 0 0
5.3031182289123535 1.1551940441131592 -8.525115966796875 -0.26874780654907227 -0.89554563164711 -0.3546142578125 -0.9600262770330837 0.21897314927233583 0.17456858414303794 0 0 0 0 0 0
4.852548122406006 1.2872083187103271 -8.745208740234375 -0.1712965965270996 -0.9292842447757721 0.327301025390625 -0.9847835608680308 0.1717417425938604 -0.027782304436316463 0 0 0 0 0 0
4.283941745758057 1.1579310894012451 -8.941253662109375 0.2040863037109375 -0.6018353998661041 0.7720947265625 -0.9646029963496415 0.010805258423659378 0.2633941666755974 0 0 0 0 0 0
3.883981466293335 0.7288996577262878 -8.87451171875 0.358542799949646 0.19613027572631836 0.9127044677734375 -0.9261213713475372 -0.04782818197131462 0.3740911939728001 0 0 0 0 0 0
3.459310293197632 0.5596148371696472 -8.604736328125 0.5120468139648438 0.4423999786376953 0.736236572265625 -0.7977886341273245 -0.07279277265475989 0.5985965190964503 0 0 0 0 0 0
3.294468641281128 0.27977627515792847 -8.1363525390625 0.2703285217285156 0.8854556083679199 0.3780364990234375 -0.734177155413453 -0.06439391831652655 0.6758262281232265 0 0 0 0 0 0
3.211878538131714 0.21968334913253784 -7.626708984375 -0.19908905029296875 0.9682011604309082 -0.151519775390625 -0.7076346878405608 -0.03506476732082282 0.7057334217306029 0 0 0 0 0 0
3.1248185634613037 0.4087321162223816 -7.104156494140625 -0.5344176292419434 0.6635546684265137 -0.5236053466796875 -0.6540405947076382 0.06775928427996315 0.7534163200708953 0 0 0 0 0 0
2.726060628890991 -0.618277370929718 -6.707244873046875 0.9259366989135742 -0.12393474578857422 0.35675048828125 -0.37487331698367965 -0.18702623167592733 0.908001316888805 0 0 0 0 0 0
2.6529529094696045 -0.960353672504425 -6.406951904296875 0.6689095497131348 0.587306022644043 0.45562744140625 -0.37247976213394546 -0.26562704979390706 0.8892344913135997 0 0 0 0 0 0
2.8443562984466553 -1.2463018894195557 -6.056610107421875 0.03970146179199219 0.8552370965480804 0.5167007446289062 -0.1779163321480047 -0.5028023949728766 0.845903172039899 0 0 0 0 0 0
3.0681731700897217 -1.352874517440796 -5.597412109375 -0.5458593368530273 0.7854294776916504 0.29178619384765625 -0.04999565072812367 -0.3781555362388104 0.9243888787386924 0 0 0 0 0 0
3.214599370956421 -1.2493984699249268 -5.08251953125 -0.9279322624206543 0.372622013092041 -0.009765625 -0.07109747635816602 -0.1512130597172393 0.9859407228710139 0 0 0 0 0 0
3.276405096054077 -1.1126782894134521 -4.6005096435546875 -0.9929609298706055 -0.07996797561645508 -0.0873565673828125 -0.09697271527264918 0.12554651251731755 0.9873375255179868 0 0 0 0 0 0
3.069486379623413 -1.0166504383087158 -4.0957794189453125 -0.8790683746337891 -0.26757359504699707 -0.3945159912109375 -0.45794872959558147 0.24419610732059452 0.8547887096384785 0 0 0 0 0 0
2.662865400314331 -0.6802533268928528 -3.8333282470703125 -0.5147194862365723 -0.8273838460445404 -0.22472381591796875 -0.4590194894208608 0.044561731508106835 0.8872963381793214 0 0 0 0 0 0
2.25274920463562 -0.5583904385566711 -3.6416168212890625 -0.12927651405334473 -0.9847080707550049 0.11676788330078125 -0.744868972134247 0.17416347978442015 0.6440651136645043 0 0 0 0 0 0
1.7617303133010864 -0.5973885655403137 -3.5601654052734375 0.3014051914215088 -0.8250629901885986 0.47794342041015625 -0.8030094837291195 0.05064441789912153 0.5938277417467327 0 0 0 0 0 0
1.3083888292312622 -0.8916152119636536 -3.419097900390625 0.6063282489776611 -0.39742812514305115 0.68878173828125 -0.7646956387887154 -0.05375048620561479 0.6421404461347507 0 0 0 0 0 0
0.9667112231254578 -1.196582555770874 -2.9530792236328125 0.8353899419307709 0.12066483497619629 0.5362701416015625 -0.5395398313072727 -0.0063868268021385986 0.8419204776138268 0 0 0 0 0 0
0.8363139033317566 -1.4529569149017334 -2.5311126708984375 0.651160329580307 0.6683957576751709 0.3594970703125 -0.4554781573182603 -0.03472648329746456 0.8895770440437789 0 0 0 0 0 0
0.763110339641571 -1.505446195602417 -1.87298583984375 0.30348896980285645 0.9213066101074219 -0.243072509765625 -0.46836872151820264 0.36640148030808417 0.8039714781732119 0 0 0 0 0 0
0.816384494304657 -1.1743414402008057 -1.4162139892578125 -0.29988884925842285 0.7423554360866547 -0.5991363525390625 -0.46304960710410437 0.43582444887231925 0.7717776774256133 0 0 0 0 0 0
0.8951651453971863 -0.8120182156562805 -1.0619964599609375 -0.7115638256072998 0.37571072578430176 -0.593719482421875 -0.3627504387749958 0.5272551493072378 0.7684024497801901 0 0 0 0 0 0
0.8277131915092468 -0.4293892979621887 -0.8505706787109375 -0.7902252674102783 0.12975335121154785 -0.5989456176757812 -0.2896882477745971 0.7821129578087194 0.5516373116595777 0 0 0 0 0 0
0.7920615077018738 0.060345832258462906 -0.8417816162109375 -0.990527868270874 -0.1340770733077079 -0.02960205078125 -0.13077834524937654 0.8555661748023508 0.5009040389417635 0 0 0 0 0 0
0.6698471903800964 0.5056435465812683 -0.8265380859375 -0.8337128162384033 -0.4595327377319336 0.3061676025390625 -0.27411865418364684 0.8257402023476488 0.4929274666085928 0 0 0 0 0 0
0.2925216555595398 0.9216687083244324 -0.8388519287109375 -0.3545224666595459 -0.5444002151489258 0.7602310180664062 -0.30969828544141825 0.8355141876852143 0.45388716753299585 0 0 0 0 0 0
-0.07897645235061646 1.3424861431121826 -0.6475982666015625 0.15318154357373714 -0.6300044059753418 0.7613372802734375 -0.24100359539050867 0.7233457497509519 0.6470566001423781 0 0 0 0 0 0
-0.5246160626411438 1.5068976879119873 -0.400146484375 0.6294894218444824 -0.257418155670166 0.7331466674804688 -0.44113907639547656 0.658303498546118 0.6099075048064231 0 0 0 0 0 0
-0.8388522267341614 1.661010503768921 0.00665283203125 0.8777880668640137 -0.13960599899291992 0.45825958251953125 -0.34793379329741214 0.4717554426555185 0.8101784137850423 0 0 0 0 0 0
-0.9838293194770813 1.5913054943084717 0.485260009765625 0.8360981941223145 0.510096549987793 0.20183563232421875 -0.4263436148131959 0.3726780268266396 0.8242516386458854 0 0 0 0 0 0
-1.0082238912582397 1.599942922592163 1.035308837890625 0.49682870507240295 0.835568904876709 -0.23448944091796875 -0.15116135199789324 0.3493849416856341 0.9247064323481667 0 0 0 0 0 0
-0.8223369717597961 1.6819818019866943 1.521392822265625 0.09092092514038086 0.9258389472961426 -0.3668212890625 0.015313158582912878 0.3670030299636309 0.9300931969711052 0 0 0 0 0 0
-0.6238210797309875 1.8589227199554443 1.95135498046875 -0.2930867671966553 0.8291983604431152 -0.47595977783203125 0.20127572256732051 0.5401710580953042 0.8171230490536813 0 0 0 0 0 0
-0.29917460680007935 2.219689130783081 2.113616943359375 -0.8649516105651855 0.48194169998168945 -0.13996124267578125 0.19806521306727112 0.5840743683671327 0.7871676962909594 0 0 0 0 0 0
-0.13015300035476685 2.7062880992889404 2.370086669921875 -0.9564721584320068 0.2914595603942871 -0.01461029052734375 0.23543848211424578 0.8002732035320345 0.5514553537404114 0 0 0 0 0 0
-0.0750768780708313 3.205467939376831 2.39141845703125 -0.8911263942718506 -0.22063493728637695 0.3964996337890625 -0.03344918682668181 0.9033856926258507 0.42751866066012073 0 0 0 0 0 0
-0.4140365719795227 3.6864497661590576 2.4273529052734375 -0.5369865894317627 -0.5010581016540527 0.6786727905273438 -0.1854512168121006 0.8549402794731563 0.4844601723063448 0 0 0 0 0 0
-0.8017218708992004 3.9891908168792725 2.6333160400390625 0.38599371910095215 -0.441133975982666 0.8102035522460938 -0.12289418549584787 0.8458270215685746 0.5190787174008885 0 0 0 0 0 0
-1.005991816520691 4.347392559051514 3.0222320556640625 0.7250429689884186 -0.4423975944519043 0.5278396606445312 0.10827138147607579 0.8300710288455061 0.5469843288225614 0 0 0 0 0 0
-0.984701931476593 4.645962238311768 3.4235076904296875 0.96030592918396 -0.27779579162597656 -0.02536773681640625 0.24747503708974783 0.8064478953509954 0.5370567365458355 0 0 0 0 0 0
-0.7432501912117004 4.765969753265381 3.9076690673828125 0.8200085163116455 0.19644737243652344 -0.537567138671875 0.23226802175228006 0.7441937458242437 0.6262597499660156 0 0 0 0 0 0
-0.3607562184333801 4.934340953826904 4.215667724609375 0.19262433052062988 0.5979466438293457 -0.778045654296875 0.1532637564386157 0.7648310018956808 0.6257350792572621 0 0 0 0 0 0
0.019322093576192856 5.303402423858643 4.339813232421875 -0.4256832506507635 0.5861210823059082 -0.68939208984375 0.419153126648099 0.8029175755269569 0.4238233324732869 0 0 0 0 0 0
0.33426493406295776 5.680062770843506 4.365234375 -0.9133827779442072 0.3851914405822754 -0.1317596435546875 0.27661227479007017 0.8246709422409486 0.493347572391791 0 0 0 0 0 0
0.5135051608085632 6.211439609527588 4.2853546142578125 -0.9560608863830566 0.06766796112060547 0.2852630615234375 0.1766136681899318 0.9096123398707822 0.37615037549828084 0 0 0 0 0 0
0.3876029849052429 6.763245105743408 4.283538818359375 -0.6832242012023926 -0.3490114212036133 0.6414031982421875 -0.05056691369171661 0.8988886872075876 0.43525489080343444 0 0 0 0 0 0
0.1351749300956726 7.2519049644470215 4.4419097900390625 -0.1454627513885498 -0.5853843688964844 0.797576904296875 -0.2642674194209214 0.7998676127575315 0.5388683266128146 0 0 0 0 0 0
-0.23837119340896606 7.527893543243408 4.71746826171875 0.4849803354591131 -0.46745777130126953 0.7390975952148438 -0.22941220457006362 0.7475515022877386 0.6233400975810583 0 0 0 0 0 0
-0.5076835751533508 7.6727614402771 5.166015625 0.8200383186340332 -0.3196406364440918 0.47473907470703125 -0.186063274474935 0.6355389071781242 0.74930228937841 0 0 0 0 0 0
-0.5402858853340149 7.697932720184326 5.760040283203125 0.988922119140625 0.12100696563720703 -0.0859832763671875 -0.019081046978393437 0.6780525097671862 0.7347871586856094 0 0 0 0 0 0
-0.3464835286140442 7.7319016456604 6.2060394287109375 0.6573903560638428 0.5717182159423828 -0.49091339111328125 0.14677115922641853 0.5418367453471792 0.8275673252350267 0 0 0 0 0 0
6.5881476402282715 1.092111349105835 -9.55462646484375 -0.05318641662597656 -0.9977366030216217 0.0411224365234375 0.9892206655391983 -0.046995534892433036 0.1391925575317275 0 0 0 0 0 0
7.151036739349365 0.9343211054801941 -9.343017578125 -0.33252954483032227 -0.722651481628418 -0.6060028076171875 0.9184432461476908 -0.10212486984742354 -0.3821910116197561 0 0 0 0 0 0
7.672342777252197 0.6501051783561707 -9.365234375 -0.5447697639465332 -0.4701828956604004 -0.6943511962890625 0.8345378364568689 -0.3850258936301765 -0.39403459238210736 0 0 0 0 0 0
7.960859775543213 0.2182256579399109 -9.4818115234375 -0.5377817153930664 0.24549126625061035 -0.80657958984375 0.6186614016036139 -0.5350025324446946 -0.5753223175767387 0 0 0 0 0 0
8.163926124572754 -0.14903289079666138 -9.8646240234375 -0.20607948303222656 0.7328212261199951 -0.6484222412109375 0.6159022978195275 -0.4178283131840184 -0.6679571680010791 0 0 0 0 0 0
8.174407958984375 -0.3935754895210266 -10.265411376953125 0.08934497833251953 0.9347605798393488 -0.3438568115234375 0.5521737546020701 -0.33381093099982134 -0.7639788960803885 0 0 0 0 0 0
8.296807289123535 -0.47069722414016724 -10.837738037109375 0.40996551513671875 0.9102129936218262 0.0586700439453125 0.5829937602077864 -0.21202846275395193 -0.7843231795030187 0 0 0 0 0 0
8.306321144104004 -0.3719356656074524 -11.3563232421875 0.8055901527404785 0.4358065128326416 0.4013824462890625 0.5323008709356052 -0.23490029799055018 -0.8133022836658848 0 0 0 0 0 0
8.54554271697998 -0.14666348695755005 -11.7880859375 0.7555246353149414 -0.33980607986450195 0.560150146484375 0.5394585662898317 -0.16243742187561455 -0.8261560994296799 0 0 0 0 0 0
9.002992630004883 -0.09956532716751099 -12.116668701171875 0.457460880279541 -0.545119047164917 0.7025909423828125 0.5940891111059782 -0.40050802184915185 -0.6975567850635808 0 0 0 0 0 0
9.442123413085938 -0.16702395677566528 -12.41192626953125 0.010263919830322266 -0.7938897609710693 0.6079864501953125 0.5435821998786401 -0.5059014830796319 -0.6697670506751082 0 0 0 0 0 0
9.869861602783203 -0.36881858110427856 -12.506988525390625 -0.513303279876709 -0.8160841464996338 0.2655792236328125 0.601222253233539 -0.562766134254101 -0.5672701492655544 0 0 0 0 0 0
10.23936939239502 -0.7784383893013 -12.509521484375 -0.8269166946411133 -0.4901242256164551 -0.2756500244140625 0.553901540697525 -0.625638322364829 -0.549210663945997 0 0 0 0 0 0
10.46068000793457 -1.299320936203003 -12.546722412109375 -0.8562469482421875 -0.10880708694458008 -0.5049896240234375 0.3276339821418408 -0.870203559468523 -0.36802990428608534 0 0 0 0 0 0
10.345643997192383 -1.7966392040252686 -12.5523681640625 -0.4246091842651367 0.13683557510375977 -0.8950042724609375 0.35991602128082206 -0.8815250410008338 -0.3055266243610614 0 0 0 0 0 0
10.353097915649414 -2.33488392829895 -12.770294189453125 -0.04542827606201172 0.5827450752258301 -0.8113861083984375 0.12840217282582084 -0.802074839377963 -0.583246677587636 0 0 0 0 0 0
10.085582733154297 -2.6092679500579834 -13.129241943359375 0.6740808486938477 0.5150032043457031 -0.5295562744140625 0.17924109383234457 -0.8094528230318246 -0.5590488174355261 0 0 0 0 0 0
10.017489433288574 -2.846783399581909 -13.604888916015625 0.932166576385498 0.3619956970214844 -0.00518798828125 0.31849119805510434 -0.826786194744646 -0.46380119305258344 0 0 0 0 0 0
10.172595024108887 -3.080890417098999 -14.07220458984375 0.8123993873596191 0.09665727615356445 0.5750274658203125 0.400349261397986 -0.8094304552540387 -0.4295553974915532 0 0 0 0 0 0
10.55290412902832 -3.2284157276153564 -14.36553955078125 0.43720245361328125 -0.17693758010864258 0.881805419921875 0.4654106185653531 -0.7944435005131756 -0.390160422147064 0 0 0 0 0 0
10.995269775390625 -3.5348331928253174 -14.5625 -0.14431476593017578 -0.31807780265808105 0.937042236328125 0.4251346200243846 -0.8749911447439341 -0.23153925092851674 0 0 0 0 0 0
-2.143024206161499 -2.053553342819214 -4.149139404296875 -0.22082388401031494 0.7355451583862305 0.6404876708984375 -0.30389747194491706 -0.6758746118996269 0.6714078941752818 0 0 0 0 0 0
-2.074547052383423 -2.2812082767486572 -3.6917266845703125 -0.7414627075195312 0.6476473808288574 0.17547607421875 -0.37874889993206606 -0.619817575500957 0.6872449425833334 0 0 0 0 0 0
-2.0991127490997314 -2.372868299484253 -3.234375 -0.9575390815734863 0.1532304286956787 -0.2442169189453125 -0.2878080302435077 -0.5578195760841019 0.7784575490988228 0 0 0 0 0 0
-2.2899999618530273 -2.461130380630493 -2.77825927734375 -0.8768755197525024 -0.015906095504760742 -0.4804229736328125 -0.4501069939446056 -0.32367297809388174 0.8322586543641834 0 0 0 0 0 0
-2.5174715518951416 -2.267897844314575 -2.359771728515625 -0.5738502740859985 -0.6033051013946533 -0.5538177490234375 -0.42865046571145105 -0.35495356029886865 0.8308265340601005 0 0 0 0 0 0
-2.935378074645996 -2.2781708240509033 -2.0996551513671875 -0.02278745174407959 -0.9074366092681885 -0.41957855224609375 -0.4423315827004953 -0.36721292680700923 0.818206891031728 0 0 0 0 0 0
-3.3672468662261963 -2.5882365703582764 -1.8266448974609375 0.5342841148376465 -0.7882297039031982 -0.30536651611328125 -0.3813929558138046 -0.5471627708004019 0.7450645012047106 0 0 0 0 0 0
-3.7504632472991943 -3.0239412784576416 -1.68255615234375 0.9272032976150513 -0.3712940216064453 -0.0493621826171875 -0.24741136062141755 -0.7060470905866957 0.6634721670604579 0 0 0 0 0 0
-3.8313381671905518 -3.4698827266693115 -1.669158935546875 0.8887100219726562 0.016846656799316406 0.4581451416015625 -0.2191654409122235 -0.8621162820847024 0.45683841632037697 0 0 0 0 0 0
-3.758192539215088 -4.041478633880615 -1.55157470703125 0.5868291854858398 0.4192626476287842 0.6927108764648438 -0.0842289924930611 -0.8192615933409986 0.5672118471546193 0 0 0 0 0 0
-3.567164421081543 -4.465904235839844 -1.257415771484375 0.20515859127044678 0.7003188133239746 0.6837081909179688 0.034090291191856394 -0.7032608979132442 0.7101171637493038 0 0 0 0 0 0
-3.2270138263702393 -4.730729103088379 -0.8698883056640625 -0.5105632543563843 0.6725382804870605 0.535736083984375 0.05339012566557526 -0.5970698087799553 0.8004152635170044 0 0 0 0 0 0
-3.0547595024108887 -4.922816753387451 -0.380859375 -0.6739014387130737 0.6749951839447021 0.30040740966796875 0.0814796591089904 -0.3362217100868939 0.93825014122399 0 0 0 0 0 0
-2.964043140411377 -4.809879779815674 0.181549072265625 -0.9821653366088867 0.18546104431152344 -0.0308990478515625 -0.11033479017324188 -0.4354634992724476 0.8934091150047715 0 0 0 0 0 0
-2.9864044189453125 -4.733327388763428 0.63458251953125 -0.9569549560546875 -0.19253253936767578 -0.2172088623046875 -0.21746993176043738 -0.020024783627351907 0.9758549866890641 0 0 0 0 0 0
-3.196751117706299 -4.484348773956299 1.0323333740234375 -0.7140874862670898 -0.6711101531982422 -0.1992034912109375 -0.287532353559273 0.021723323794770575 0.9575359912328928 0 0 0 0 0 0
-2.3070731163024902 -4.640449047088623 2.003875732421875 0.3499913215637207 -0.9053492546081543 -0.24051666259765625 0.9180905400012505 0.28052495970438873 0.280024916009678 0 0 0 0 0 0
-1.9714733362197876 -4.632775783538818 2.4136962890625 0.37906527519226074 -0.31079888343811035 -0.8716201782226562 0.804358069998117 0.5763666176316135 0.14429463095095768 0 0 0 0 0 0
-1.402084231376648 -4.499617576599121 2.424896240234375 -0.2972090244293213 0.0728750228881836 -0.9520339965820312 0.7536483684908379 0.6300966199004612 -0.18704457131175029 0 0 0 0 0 0
-0.9461539387702942 -4.388711929321289 2.1300506591796875 -0.7819129526615143 0.4320955276489258 -0.44933319091796875 0.6104400005357645 0.6768700379861753 -0.411361614864493 0 0 0 0 0 0
-0.7070754170417786 -4.204833507537842 1.718597412109375 -0.7725872099399567 0.6270003318786621 0.09990692138671875 0.5300068541308405 0.7235384033390992 -0.44223464926471423 0 0 0 0 0 0
-0.5228078961372375 -3.8758206367492676 1.30224609375 -0.6852447986602783 0.5612415075302124 0.46417236328125 0.3873327817709249 0.8205548971170129 -0.4203431932716902 0 0 0 0 0 0
-0.676314651966095 -3.5221030712127686 0.930206298828125 0.018922090530395508 0.454632043838501 0.8904647827148438 0.37651269117629393 0.8218402508154391 -0.4275961582718558 0 0 0 0 0 0
-0.6639369130134583 -2.9479501247406006 0.8680572509765625 0.49206018447875977 0.0005769729614257812 0.8705902099609375 0.5647127358587736 0.7607991656054874 -0.3196815336853954 0 0 0 0 0 0
-0.5434539914131165 -2.374890089035034 0.924774169921875 0.6945562362670898 -0.42519330978393555 0.5803680419921875 0.6033042337147247 0.783658329872083 -0.14787588679114944 0 0 0 0 0 0
-0.3738935589790344 -1.913585901260376 1.2191314697265625 0.8483254816383123 -0.5270838737487793 0.05023956298828125 0.5282221529562884 0.8359710077639924 -0.1488363902866335 0 0 0 0 0 0
-0.03741199150681496 -1.559474229812622 1.4832305908203125 0.6180274579674006 -0.5626165866851807 -0.5490875244140625 0.6896367818507979 0.7233068765236011 0.035094625821270896 0 0 0 0 0 0
0.3383767008781433 -1.2430403232574463 1.685211181640625 0.40566086769104004 -0.4845011234283447 -0.7750320434570312 0.863449129502599 0.48126911371442355 0.15108032990843331 0 0 0 0 0 0
0.8280040621757507 -1.2731807231903076 1.8573455810546875 0.06860733032226562 0.008574724197387695 -0.99761962890625 0.8858913132563986 0.4593083044970133 0.06487149823003412 0 0 0 0 0 0
1.298507809638977 -1.3252975940704346 1.781280517578125 -0.20202279090881348 0.5845558643341064 -0.7857894897460938 0.8471924099997595 0.5068748358624842 0.15925955273634998 0 0 0 0 0 0
1.770551323890686 -1.042351484298706 1.5556182861328125 -0.7730042934417725 0.6019304692745209 -0.20038604736328125 0.5799937328788309 0.7984742325402581 0.16113059884542713 0 0 0 0 0 0
2.0406367778778076 -0.6329873204231262 1.3992462158203125 -0.8693400025367737 0.3855109214782715 0.30925750732421875 0.4564848732991482 0.8661906945931044 0.20343754500171402 0 0 0 0 0 0
2.1500332355499268 -0.13044434785842896 1.2547454833984375 -0.598316490650177 0.12772440910339355 0.791015625 0.35298582888316793 0.9282681712725626 0.11710860796377459 0 0 0 0 0 0
2.0567142963409424 0.39192646741867065 1.3360595703125 -0.25738388299942017 -0.23354530334472656 0.9376907348632812 0.23209109684300866 0.9269888334482912 0.29458582211562406 0 0 0 0 0 0
1.8922492265701294 0.8060576319694519 1.484283447265625 0.35719066858291626 -0.4319620132446289 0.8281326293945312 0.1657801287566478 0.9018856045931379 0.3989278947861173 0 0 0 0 0 0
1.7282873392105103 1.1759593486785889 1.8702850341796875 0.7643869519233704 -0.4328465461730957 0.47786712646484375 0.16235034180665975 0.8464884187514898 0.5070470264554251 0 0 0 0 0 0
1.76577627658844 1.5275123119354248 2.2761688232421875 0.9145131707191467 -0.40454864501953125 0.00225067138671875 0.35117657413300696 0.7965987753880679 0.4920100381297939 0 0 0 0 0 0
1.9477735757827759 1.544574499130249 2.7492828369140625 0.7964339852333069 0.18931865692138672 -0.5743408203125 0.2767595355852429 0.7303452776722398 0.6245223641601804 0 0 0 0 0 0
2.32558274269104 1.7315709590911865 3.120208740234375 0.4174387454986572 0.39272308349609375 -0.8194732666015625 0.22107505415290016 0.8307955437754154 0.5107645337946543 0 0 0 0 0 0
2.6900784969329834 2.0448052883148193 3.2850494384765625 -0.28060197830200195 0.4677391052246094 -0.838165283203125 0.3086911806179492 0.870784116603367 0.38259807940573975 0 0 0 0 0 0
3.0201852321624756 2.5455195903778076 3.3402862548828125 -0.756990909576416 0.32146215438842773 -0.5688858032226562 0.16333637336294882 0.9360657715080751 0.3116013244048909 0 0 0 0 0 0
3.1232316493988037 3.0724990367889404 3.2935943603515625 -0.9785866737365723 -0.05535602569580078 -0.19824981689453125 -0.115749258564298 0.9444570201567581 0.30763859359315393 0 0 0 0 0 0
2.9425532817840576 3.5279386043548584 3.16754150390625 -0.9124612808227539 -0.3440737724304199 0.221405029296875 -0.33899241584214695 0.9387555282618314 0.0618039350501245 0 0 0 0 0 0
2.6841142177581787 3.9106252193450928 2.91522216796875 -0.6368732452392578 -0.36041736602783203 0.6815338134765625 -0.44635650939331895 0.8931356238976428 0.055212330856885095 0 0 0 0 0 0
2.2334706783294678 4.1091227531433105 2.8214263916015625 -0.1703643798828125 -0.14869213104248047 0.9740829467773438 -0.6791740471660015 0.7339601884416849 -0.006747845119296282 0 0 0 0 0 0
1.7354971170425415 4.248254299163818 2.8713836669921875 0.32442808151245117 0.10842323303222656 0.9396743774414062 -0.7789811795334545 0.5941730350220313 0.2003898506686988 0 0 0 0 0 0
1.3109523057937622 4.2683186531066895 3.148406982421875 0.630488395690918 0.6478023529052734 0.42758941650390625 -0.7577568098198999 0.6330770068076517 0.15820808035919692 0 0 0 0 0 0
1.0355607271194458 4.4655680656433105 3.5220947265625 0.6182348728179932 0.7338976860046387 -0.2813720703125 -0.6935858925509194 0.6777883243368239 0.2439058599027403 0 0 0 0 0 0
0.9347965121269226 4.880123615264893 3.900665283203125 0.29566869139671326 0.5366325378417969 -0.7903289794921875 -0.6593103644240828 0.713326178428411 0.23769418766116102 0 0 0 0 0 0
-0.3075750470161438 4.200138568878174 3.76702880859375 -0.990147590637207 -0.1296091079711914 0.05298614501953125 0.07009981940711242 -0.7864224121506919 -0.6137140194924827 0 0 0 0 0 0
-0.2891286015510559 3.772550344467163 3.7009429931640625 -0.5758798122406006 0.49662351608276367 -0.6494140625 0.06783579093592547 -0.7625902125538537 -0.6433268377772006 0 0 0 0 0 0
-0.4746735692024231 3.348679304122925 3.6049041748046875 -0.14951825141906738 0.6263899803161621 -0.7650375366210938 -0.16059251858122428 -0.7788454661787136 -0.606309444250841 0 0 0 0 0 0
-0.8630598187446594 3.0786397457122803 3.3216400146484375 0.3789639472961426 0.5358409881591797 -0.7544708251953125 -0.33524715216412493 -0.6804398007185622 -0.6516542494224357 0 0 0 0 0 0
-1.0823701620101929 2.9406964778900146 2.953277587890625 0.8602119982242584 0.22307634353637695 -0.45856475830078125 -0.30014194216142714 -0.5054848835350941 -0.8089313725809688 0 0 0 0 0 0
-1.268757700920105 2.9277169704437256 2.435699462890625 0.9778429567813873 -0.18811702728271484 -0.09185791015625 -0.17201542653971907 -0.4719118713536659 -0.864698693732817 0 0 0 0 0 0
-1.339110255241394 2.7229926586151123 1.9316558837890625 0.9224583208560944 -0.32862186431884766 0.20267486572265625 0.08448970954297216 -0.3403992358110938 -0.9364795501545252 0 0 0 0 0 0
-1.1048964262008667 2.830439329147339 1.471832275390625 0.5284883081912994 -0.7922077178955078 0.30513763427734375 0.06677282875906468 -0.3195293275591803 -0.9452202098028292 0 0 0 0 0 0
-0.7623212933540344 2.7660892009735107 1.0754547119140625 -0.11707186698913574 -0.9185528755187988 0.3775787353515625 0.3283329346560849 -0.3946051592582272 -0.8581710878799561 0 0 0 0 0 0
-0.30604296922683716 2.4887893199920654 0.8399658203125 -0.7086062431335449 -0.7056021690368652 0.0017547607421875 0.42170655938133256 -0.42549315987869607 -0.8006765475200661 0 0 0 0 0 0
0.05156629905104637 2.1223275661468506 0.67333984375 -0.9079551603645086 -0.3853583335876465 -0.16468048095703125 0.3943827530001025 -0.6528485452608458 -0.6467143382108181 0 0 0 0 0 0
0.22673243284225464 1.6404740810394287 0.444915771484375 -0.9518873691558838 -0.004239082336425781 -0.306396484375 0.17788836495345917 -0.8217988909607997 -0.541279104081508 0 0 0 0 0 0
0.09169119596481323 1.0690886974334717 0.520050048828125 -0.42240142822265625 0.3845381736755371 -0.8208084106445312 0.27496995342723807 -0.8085108580279229 -0.520280962342411 0 0 0 0 0 0
0.12868517637252808 0.6110102534294128 0.31195068359375 -0.306121117901057 0.6072854995727539 -0.7331466674804688 0.004436163691301603 -0.7691953731133069 -0.6389979257881837 0 0 0 0 0 0
-0.1828182339668274 0.2931200861930847 0.041351318359375 0.41503547690808773 0.5460453033447266 -0.7277297973632812 0.061975630953959734 -0.814976666343855 -0.5761645283209947 0 0 0 0 0 0
-0.3790023922920227 0.012616816908121109 -0.335479736328125 0.9324264456517994 0.2442836668342352 -0.26630401611328125 0.04848096027835845 -0.8148009002479171 -0.5776766885589186 0 0 0 0 0 0
-0.3125460743904114 -0.21005994081497192 -0.9171295166015625 0.9255230333656073 0.3751647565513849 -0.05153656005859375 0.20272926727298204 -0.6058152308740818 -0.7693551366726707 0 0 0 0 0 0
-0.2281988263130188 -0.2795022130012512 -1.3910369873046875 0.9236776828765869 -0.15082716941833496 0.3522491455078125 0.26476125522519234 -0.4133181194625091 -0.8712403385033484 0 0 0 0 0 0
0.11710852384567261 -0.23243314027786255 -1.8124847412109375 0.6074082851409912 -0.5361878871917725 0.5861663818359375 0.49540528867295186 -0.3211220594680243 -0.8071002536134204 0 0 0 0 0 0
0.5228001475334167 -0.27433139085769653 -2.143157958984375 0.22566556930541992 -0.760805606842041 0.6084823608398438 0.7630512210461682 -0.25027607400051566 -0.5959183895883307 0 0 0 0 0 0
1.059407353401184 -0.3876870274543762 -2.1511077880859375 -0.2309189736843109 -0.9507548809051514 0.206756591796875 0.7584424847226413 -0.3089870318291337 -0.5737769589168004 0 0 0 0 0 0
1.5481072664260864 -0.6391876339912415 -2.119049072265625 -0.6050550937652588 -0.7462012767791748 -0.27767181396484375 0.7087954255239843 -0.34595358224117556 -0.6147879233349915 0 0 0 0 0 0
1.9235564470291138 -0.8560813069343567 -2.388580322265625 -0.833439826965332 -0.40769442915916443 -0.373077392578125 0.5355892457741276 -0.429546144861154 -0.7270819497297478 0 0 0 0 0 0
2.1267383098602295 -1.2983582019805908 -2.5726165771484375 -0.6624045968055725 0.33829331398010254 -0.6684112548828125 0.6148276647410676 -0.26428744303902973 -0.7430625123207975 0 0 0 0 0 0
2.16373610496521 -1.5941708087921143 -2.9783172607421875 -0.23971796035766602 0.8701586723327637 -0.4305267333984375 0.550610909362473 -0.24338891302095889 -0.7985062735691467 0 0 0 0 0 0
2.1876609325408936 -1.7283737659454346 -3.480255126953125 0.047217607498168945 0.9816372394561768 -0.184783935546875 0.283958009475282 -0.19055416460808092 -0.9397312908260869 0 0 0 0 0 0
2.0447604656219482 -1.7184760570526123 -4.0274658203125 0.6080329418182373 0.7634246349334717 0.21793365478515625 0.32768307319136747 0.008711764194635725 -0.94475026621968 0 0 0 0 0 0
2.092796564102173 -1.5290133953094482 -4.503662109375 0.7620227336883545 0.5389535427093506 0.3589630126953125 0.27310736397968904 0.23513610954530736 -0.9328021202919132 0 0 0 0 0 0
2.1478755474090576 -1.2129456996917725 -4.83416748046875 0.856022834777832 0.3553652763366699 0.37540435791015625 0.12246432643769543 0.5661450430126767 -0.8151758046624168 0 0 0 0 0 0
2.0930116176605225 -0.7927916646003723 -5.1565093994140625 0.9362292289733887 -0.32387733459472656 0.13629913330078125 0.2848664204347577 0.47245952220074666 -0.8340576763529196 0 0 0 0 0 0
2.4458730220794678 -0.34807902574539185 -5.2570648193359375 0.47324419021606445 -0.820465087890625 -0.32073974609375 0.3427607640537695 0.506898278813244 -0.790930353176433 0 0 0 0 0 0
2.8781144618988037 -0.1583459973335266 -5.5681304931640625 -0.05063295364379883 -0.9380865097045898 -0.34267425537109375 0.356809827506116 0.303476362425227 -0.8835020790611575 0 0 0 0 0 0
3.2798831462860107 -0.17379409074783325 -5.9088287353515625 -0.6827998161315918 -0.6415700912475586 -0.34954071044921875 0.1910507322906974 0.30498629841030267 -0.9329943049012193 0 0 0 0 0 0
2.8141496181488037 0.6895424723625183 -6.70831298828125 -0.5513477325439453 0.21637678146362305 -0.8057403564453125 -0.8071600939383523 0.10587692512620288 0.5807518416321266 0 0 0 0 0 0
2.468296766281128 1.0313117504119873 -6.482025146484375 -0.5526125431060791 -0.36702170968055725 -0.748291015625 -0.823517023169302 0.10238687025143414 0.5579482094242377 0 0 0 0 0 0
2.045300245285034 1.3793294429779053 -6.488555908203125 -0.35257965326309204 -0.8791971206665039 -0.3204345703125 -0.7900212784095882 0.09609603418626066 0.6056090379350586 0 0 0 0 0 0
1.5979701280593872 1.5555236339569092 -6.529754638671875 -0.11503100395202637 -0.9693384170532227 0.217132568359375 -0.9338425588122692 0.18008000558269432 0.30920106084703375 0 0 0 0 0 0
1.044540524482727 1.5007092952728271 -6.457183837890625 0.308915376663208 -0.8159112930297852 0.488739013671875 -0.901332157193862 -0.08712577270171958 0.4242519119133227 0 0 0 0 0 0
0.5722820162773132 1.1842401027679443 -6.41241455078125 0.5118203163146973 -0.398101806640625 0.761260986328125 -0.8582813918338447 -0.2750589402479184 0.4332080565441174 0 0 0 0 0 0
0.29849451780319214 0.6987788081169128 -6.32891845703125 0.39970993995666504 0.2614140510559082 0.87860107421875 -0.7949908263027993 -0.37824001585028816 0.47421179245989903 0 0 0 0 0 0
0.1856362223625183 0.27289265394210815 -6.050384521484375 0.04271507263183594 0.7312631607055664 0.6807708740234375 -0.5884791116761684 -0.5321913841488478 0.6085878486867503 0 0 0 0 0 0
0.13486164808273315 -0.05271702632308006 -5.59881591796875 -0.3466284344904125 0.8981788065284491 0.2703857421875 -0.6549385463421479 -0.4381226393768923 0.6157578613267682 0 0 0 0 0 0
-0.008227172307670116 -0.17890197038650513 -5.0687103271484375 -0.5356323649175465 0.796964168548584 -0.2791595458984375 -0.7454117339221825 -0.2909134987212842 0.599725202701717 0 0 0 0 0 0
-0.3423650860786438 -0.084461510181427 -4.6667633056640625 -0.5233955383300781 0.36179901100695133 -0.771484375 -0.8480577115508103 -0.3090946923255964 0.43039039965159603 0 0 0 0 0 0
-0.7970407605171204 0.08221548795700073 -4.385009765625 -0.3268742561340332 -0.31730889342725277 -0.8902359008789062 -0.8493113134985307 -0.3144614235107764 0.4239319148702244 0 0 0 0 0 0
-1.3452495336532593 0.059909526258707047 -4.258209228515625 0.12026667594909668 -0.6450653169304132 -0.7546234130859375 -0.8564199045897758 -0.4518105366425274 0.24972526508224888 0 0 0 0 0 0
-1.8888295888900757 -0.06921464204788208 -4.46673583984375 0.5177950859069824 -0.8234035968780518 -0.23212432861328125 -0.7396022187243484 -0.5672566474943593 0.3623867003557973 0 0 0 0 0 0
-2.2660391330718994 -0.525071918964386 -4.5108184814453125 0.7832679152488708 -0.5960750579833984 0.17658233642578125 -0.6211180072346646 -0.7384054130550682 0.2625220516756377 0 0 0 0 0 0
-2.441136598587036 -1.0585706233978271 -4.6065521240234375 0.7684266567230225 -0.07973074913024902 0.634918212890625 -0.37937829143177704 -0.8557885303607762 0.3516858186803014 0 0 0 0 0 0
-2.3788692951202393 -1.5835049152374268 -4.4959716796875 0.29409587383270264 0.47618627548217773 0.828704833984375 -0.309612886777778 -0.7728332705262722 0.5539589614075398 0 0 0 0 0 0
