t = 1000000000
b = 17 17 17
E = -1.34426568290601 -1.48768935326009 0.143423670354076
-221.471673965454 -620.772744178772 -800.585855484009 0.770181894302368 0.0857272744178772 -0.632036983966827 0.616518437862396 0.153920486569405 0.772148609161377 -0.111832074820995 -0.562833905220032 -0.109149627387524 -0.199079036712646 0.275797545909882 0.150290817022324
-221.127597808838 -620.990233421326 -800.324472427368 0.553354740142822 0.645794212818146 -0.526068866252899 0.686872541904449 0.00347904907539487 0.72676956653595 0.100993633270264 0.24357183277607 0.313210606575012 -0.356950521469116 -0.400221675634384 -0.061865072697401
-220.734571456909 -621.272611141205 -800.159068107605 0.181851714849472 0.960805892944336 -0.209241598844528 0.645946145057678 0.0437163710594177 0.762130200862885 -0.482522964477539 0.0661878138780594 0.408373594284058 0.358442604541779 -0.389053910970688 -0.149521932005882
-220.238681793213 -621.267931461334 -800.006748199463 -0.184374064207077 0.981773555278778 0.0461183190345764 0.832200288772583 0.130975514650345 0.538783967494965 -0.304818391799927 -0.326307266950607 -0.336672067642212 -0.413224816322327 0.31988388299942 -0.415889382362366
-219.747869491577 -621.011489391327 -800.000050544739 -0.597128808498383 0.550752699375153 0.583188354969025 0.775510609149933 0.210580170154572 0.595180094242096 0.156929925084114 0.096770815551281 0.116500750184059 0.707567274570465 0.108371965587139 0.0399609133601189
-219.416421890259 -620.674241065979 -799.718334197998 -0.713277161121368 0.10585705935955 0.692842066287994 0.681503117084503 0.335598260164261 0.650328755378723 0.047798503190279 0.118555270135403 -0.0364033244550228 -0.219695910811424 0.362276077270508 0.48101681470871
-219.208099365234 -620.318817138672 -799.310207366943 -0.616440057754517 -0.522884249687195 0.588722169399261 0.564740717411041 0.227418184280396 0.79331511259079 -0.215098261833191 0.421093642711639 -0.194568052887917 -0.189733445644379 -0.0086737833917141 0.032867144793272
-219.122478485107 -620.124102592468 -798.850244522095 -0.369111597537994 -0.849918484687805 0.37602573633194 0.34785982966423 0.248844757676125 0.903919219970703 -0.0596283562481403 -0.475584924221039 0.519694447517395 0.667932510375977 0.437969744205475 -0.124070756137371
-219.226984024048 -620.000522613525 -798.337228775024 0.205514699220657 -0.977604150772095 -0.045317780226469 0.446639358997345 0.0524898692965508 0.893172979354858 -0.1579979211092 0.510390758514404 -0.23282290995121 -0.324415802955627 -0.0843084007501602 -0.382429301738739
-219.318391799927 -620.162208557129 -797.872095108032 0.647259294986725 -0.729857206344604 -0.219917744398117 0.444650918245316 0.127173960208893 0.886629700660706 0.0576316080987453 0.270911574363708 0.0470504723489285 0.0886926129460335 -9.9036522442475e-05 -0.541933119297028
-219.334424972534 -620.450067520142 -797.408275604248 0.937620580196381 -0.140109494328499 -0.318177282810211 0.324974775314331 0.028034208342433 0.945307016372681 0.241716533899307 0.427607297897339 0.330952316522598 -0.414373248815536 0.113891057670116 0.0717282816767693
-219.091207504272 -620.813923835754 -797.082490921021 0.746128678321838 0.564172685146332 -0.353554904460907 0.40239542722702 0.0409531444311142 0.914549469947815 0.371970593929291 -0.0508551970124245 0.457236289978027 0.0218252241611481 0.0724363997578621 0.0746426954865456
-218.595432281494 -620.979095458984 -796.854881286621 0.187221884727478 0.963375449180603 -0.191978469491005 0.501371622085571 0.0743467658758163 0.862031936645508 0.493925631046295 -0.207766935229301 0.220719680190086 0.27387797832489 -0.339340597391129 0.541003525257111
-218.203094482422 -620.9860496521 -796.574394226074 -0.218072965741158 0.974736928939819 -0.048293512314558 0.597076654434204 0.172396630048752 0.783440470695496 0.0150895221158862 -0.14846907556057 -0.0624458864331245 -0.207354933023453 -0.15957073867321 0.101251251995564
-217.786785125732 -620.823157310486 -796.435970306396 -0.665979981422424 0.661126971244812 0.34551677107811 0.623498558998108 0.239047586917877 0.744382858276367 -0.237093195319176 -0.568622708320618 0.170877113938332 -0.00307352864183486 -0.33070382475853 0.0306104440242052
-217.491319656372 -620.390771865845 -796.157009124756 -0.84733659029007 0.144618391990662 0.510985553264618 0.520042717456818 0.42090830206871 0.743230700492859 0.23636882007122 -0.0346890315413475 0.132888913154602 0.402820289134979 0.124603934586048 -0.195367872714996
-217.362558364868 -619.994791984558 -795.858863830566 -0.745345592498779 -0.281743705272675 0.60421895980835 0.417949676513672 0.508627116680145 0.752739429473877 0.525581061840057 0.0783674716949463 -0.102256111800671 0.165683925151825 -0.12166228890419 -0.322209805250168
-217.273239135742 -619.544070243835 -795.599039077759 -0.470427960157394 -0.642327666282654 0.605072557926178 0.252437233924866 0.559070587158203 0.789756655693054 -0.384243339300156 0.269355684518814 -0.657544434070587 0.13728392124176 0.0654799118638039 0.237156122922897
-217.394462585449 -619.232404708862 -795.212947845459 0.240234047174454 -0.855560958385468 0.458588123321533 0.393306076526642 0.51769757270813 0.759802341461182 0.494625210762024 -0.417164474725723 0.530183732509613 -0.137460008263588 -0.149850085377693 0.261689215898514
-217.533981323242 -618.999402046204 -794.679727554321 0.586769640445709 -0.809726357460022 0.00668692588806152 0.394635856151581 0.293164998292923 0.87081390619278 -0.602616548538208 -0.0564413964748383 0.233255982398987 -0.162159621715546 -0.170744448900223 -0.0204812288284302
-216.850214004517 -618.071284294128 -794.010396957397 0.50200229883194 0.781851410865784 -0.369732648134232 -0.705514967441559 0.617470800876617 0.347819536924362 -0.386297851800919 -0.314106315374374 -0.00324004702270031 -0.223035633563995 -0.0047727869823575 0.221323728561401
-217.023538589478 -617.763586044312 -793.628391265869 0.145956620573997 0.523568570613861 -0.839388191699982 -0.600003480911255 0.721458375453949 0.345678567886353 0.428916990756989 0.178693503141403 0.408271282911301 -0.243244051933289 -0.0656633302569389 0.285145372152328
-217.131624221802 -617.190208435059 -793.482555389404 -0.0869569182395935 -0.0133737027645111 -0.996122300624847 -0.809481084346771 0.583775043487549 0.0628263652324677 -0.205354914069176 0.728342950344086 -0.17218442261219 -0.215962812304497 0.0670042708516121 0.172428920865059
-217.333763122559 -616.704676628113 -793.600255966187 -0.350224077701569 -0.686235666275024 -0.637513875961304 -0.822173357009888 0.551301598548889 -0.141766250133514 0.140897661447525 -0.520792126655579 0.31794485449791 -0.243959993124008 -0.0476171895861626 -0.0543493442237377
-217.616165161133 -616.338164329529 -793.952890396118 -0.521922051906586 -0.847846746444702 -0.0935592651367188 -0.846989214420319 0.528112411499023 -0.0608821511268616 -0.136147186160088 -0.433782339096069 0.413056433200836 -0.680950224399567 0.290931701660156 -0.289559006690979
-218.010353088379 -616.104665756226 -794.084730148315 -0.432275176048279 -0.854953765869141 0.286692231893539 -0.894908845424652 0.367675274610519 -0.252889722585678 0.499187260866165 -0.277091443538666 -0.0416185297071934 -0.117145344614983 -0.648636639118195 -0.128950417041779
-218.477245330811 -616.200867652893 -794.435983657837 -0.292488545179367 -0.566114127635956 0.770691394805908 -0.95255982875824 0.101566165685654 -0.286904454231262 -0.786025285720825 0.468537449836731 -0.407441705465317 0.160638332366943 -0.0632452517747879 0.0828085765242577
-218.948093414307 -616.484668731689 -794.633358001709 -0.116550013422966 0.187614619731903 0.975303471088409 -0.966794073581696 0.203438311815262 -0.154667630791664 0.0678514465689659 -0.0139337172731757 0.0454321019351482 0.0871245861053467 0.235685333609581 -0.646064341068268
-219.461391448975 -616.696236610413 -794.53284072876 0.129939168691635 0.713379621505737 0.688625693321228 -0.984381198883057 0.176017493009567 0.00340157747268677 0.331593096256256 -0.099085807800293 -0.435278743505478 0.15667812526226 -0.057081263512373 0.109472863376141
-220.044139862061 -616.681226730347 -794.339263916016 0.481803357601166 0.847615838050842 0.222290098667145 -0.876216053962708 0.469060361385345 0.110580042004585 0.181344911456108 0.398853600025177 0.23269048333168 0.432846814393997 0.367146074771881 0.428817182779312
-220.464387893677 -616.384346961975 -794.052770614624 0.594933748245239 0.741690278053284 -0.309757053852081 -0.723823368549347 0.661933243274689 0.194741189479828 0.0558454990386963 -0.288256764411926 0.213146016001701 0.37625327706337 -0.270347744226456 0.335815072059631
-220.559450149536 -615.93745136261 -793.763381958008 0.283593952655792 0.375128328800201 -0.882526636123657 -0.744375228881836 0.666308879852295 0.0440225005149841 -0.251457959413528 0.139948755502701 0.422103583812714 -0.277800768613815 0.617777824401855 -0.0184570774435997
-220.709211349487 -615.45539855957 -793.671689987183 0.0221681594848633 -0.0813776850700378 -0.996436834335327 -0.512760758399963 0.854682207107544 -0.0812084078788757 0.478816598653793 -0.136558786034584 -0.259078562259674 -0.0395789928734303 0.237099975347519 0.111659340560436
-220.742351531982 -614.999773025513 -793.818059921265 -0.415583997964859 -0.435793876647949 -0.798356831073761 -0.426140129566193 0.868738234043121 -0.252385646104813 0.480699211359024 -0.276054620742798 0.124135963618755 -0.570741891860962 -0.475663274526596 -0.142487898468971
-220.639474868774 -614.66837310791 -794.155515670776 -0.781893968582153 -0.470120400190353 -0.409424781799316 -0.257604241371155 0.841703534126282 -0.474526345729828 0.251975268125534 -0.310234099626541 -0.00482128048315644 -0.226930305361748 -0.380885869264603 -0.157827392220497
-220.672739028931 -614.464412689209 -794.650856018066 -0.945589423179626 -0.207283660769463 0.250786989927292 -0.313356846570969 0.787643611431122 -0.530495047569275 -0.301504820585251 -0.0985824391245842 -0.53778350353241 -0.370696038007736 0.432756990194321 -0.478086858987808
-220.98476600647 -614.310493469238 -795.146644592285 -0.718936204910278 -0.025728315114975 0.694599688053131 -0.463766992092133 0.762107968330383 -0.451787024736404 -0.0486332550644875 0.496018052101135 0.477231711149216 -0.0862428769469261 -0.231152132153511 -0.0240724161267281
-221.488485336304 -614.117932319641 -795.406763076782 -0.112077936530113 0.312476187944412 0.943290531635284 -0.42629873752594 0.842360854148865 -0.329693078994751 -0.0948962345719337 0.0380782410502434 0.115673653781414 0.18128490447998 0.258356213569641 0.0959720388054848
-221.965267181396 -613.849378585815 -795.453714370728 0.431033939123154 0.525079488754272 0.733826518058777 -0.426093101501465 0.835311651229858 -0.347417831420898 -0.0762895941734314 -0.521563410758972 -0.273765325546265 -0.46852046251297 0.207308933138847 -0.22927962243557
-222.480319023132 -613.147507667542 -796.246576309204 0.515580296516418 0.494160085916519 -0.699987649917603 -0.0606109201908112 -0.793859660625458 -0.605072855949402 0.251926332712173 -0.407901048660278 -0.0618508346378803 0.397619515657425 -0.158812761306763 -0.0713245198130608
-222.671827316284 -613.313247680664 -796.674203872681 0.917064666748047 0.296723604202271 -0.266359627246857 -0.0606457591056824 -0.556439399719238 -0.828671991825104 0.215512827038765 -0.295357435941696 -0.183897837996483 0.226533189415932 -0.564313173294067 0.541337192058563
-222.697694778442 -613.29828453064 -797.169254302979 0.93686306476593 -0.347898155450821 0.0354196093976498 -0.136105269193649 -0.456061065196991 -0.879479169845581 -0.0877110064029694 -0.226523265242577 0.350934475660324 0.689197301864624 0.0940798446536064 0.166105851531029
-222.650764465332 -613.409564971924 -797.785671234131 0.749186635017395 -0.511420249938965 0.420914173126221 0.014167308807373 -0.622959196567535 -0.782126069068909 -0.192867964506149 0.523920238018036 0.339924156665802 0.187780901789665 -0.791914343833923 0.118967369198799
-222.481630325317 -613.642108917236 -798.238578796387 0.390510022640228 -0.576692938804626 0.717584431171417 0.149488851428032 -0.729407250881195 -0.667546391487122 -0.206764221191406 0.464404314756393 0.401118487119675 -0.258319944143295 -0.13013057410717 0.103436931967735
-222.142806053162 -614.04878616333 -798.491373062134 -0.310591369867325 -0.461007416248322 0.831267118453979 -0.0284629128873348 -0.869614958763123 -0.492909282445908 0.0156300961971283 0.0920297503471375 -0.0495564229786396 0.467213034629822 0.202579021453857 -0.145801305770874
-221.862962722778 -614.553584098816 -798.436359405518 -0.872526407241821 -0.235205665230751 0.428224086761475 0.0195204168558121 -0.892573356628418 -0.450479537248611 -0.298688590526581 0.261541098356247 -0.155655816197395 0.0821783542633057 -0.0118227824568748 -0.3829645216465
-221.786361694336 -615.105849266052 -798.447315216064 -0.99168735742569 0.123231515288353 0.0370181947946548 -0.127373710274696 -0.899423778057098 -0.418106377124786 -0.164821267127991 0.463815242052078 -0.134629666805267 -0.275434881448746 -0.117906793951988 0.00809941068291664
-221.94647026062 -615.628144264221 -798.360162734985 -0.828247308731079 0.381126642227173 -0.410790652036667 -0.215292185544968 -0.893246293067932 -0.39466518163681 0.118407182395458 0.478426307439804 0.316968083381653 -0.383714944124222 0.0378670282661915 -0.210226088762283
-222.359228134155 -616.12146282196 -798.364063262939 -0.244999170303345 0.567602336406708 -0.786004543304443 -0.247327476739883 -0.820479452610016 -0.515405356884003 -0.157668173313141 0.302540212869644 0.0318603850901127 -0.059845469892025 0.331313848495483 0.0841353684663773
-222.746684074402 -616.406818389893 -798.623769760132 0.509920001029968 0.505716443061829 -0.695868134498596 -0.0310696065425873 -0.797585129737854 -0.602405667304993 0.564463019371033 0.00513461325317621 0.138509511947632 0.352322638034821 -0.140080213546753 -0.593390583992004
-223.07362651825 -616.569787979126 -799.030872344971 0.845314383506775 0.253087013959885 -0.470521599054337 -0.133807092905045 -0.752327561378479 -0.645057320594788 0.227116078138351 -0.0885450541973114 0.351804614067078 0.373536288738251 -0.317141443490982 -0.0228545982390642
-223.175133705139 -616.681319236755 -799.539888381958 0.969164431095123 -0.238677904009819 0.0612620711326599 -0.0815398395061493 -0.545240104198456 -0.834304749965668 -0.198196977376938 -0.0667171478271484 -0.0262016635388136 -0.2925845682621 0.174997955560684 -0.109860993921757
-222.997827529907 -616.84900188446 -800.049063682556 0.748725652694702 -0.471377432346344 0.466061413288116 0.0453740507364273 -0.664992332458496 -0.745470643043518 0.294998794794083 0.147458001971245 -0.316812843084335 -0.122350789606571 -0.271344631910324 -0.098061665892601
-222.69109249115 -617.130005836487 -800.435252189636 0.366652309894562 -0.482569396495819 0.795419931411743 0.385728359222412 -0.69916820526123 -0.601978063583374 -0.201146930456161 0.357335567474365 -0.382704108953476 -0.304062098264694 0.409172683954239 -0.101190611720085
-222.231273651123 -617.326221466064 -800.628652572632 -0.261498630046844 -0.605366349220276 0.75176465511322 0.379769444465637 -0.780575275421143 -0.496464937925339 0.354908049106598 0.386661618947983 -0.0230538044124842 -0.291718065738678 -0.406833946704865 -0.10883367061615
-221.876359939575 -617.603293418884 -800.670611381531 -0.699425935745239 -0.618905186653137 0.357434868812561 0.540827929973602 -0.78527045249939 -0.301422268152237 0.139141768217087 -0.0225493852049112 -0.106452889740467 0.354249954223633 0.364171087741852 -0.153423830866814
-221.601232528687 -618.139827728271 -800.498229980469 -0.92622447013855 -0.258280515670776 -0.274589598178864 0.362079739570618 -0.812243640422821 -0.457338571548462 -0.263906031847 0.315783649682999 0.371631771326065 -0.0599363408982754 0.266530990600586 -0.192503288388252
-221.563543319702 -618.715425491333 -800.54691028595 -0.729305446147919 0.362729161977768 -0.580121695995331 0.162910595536232 -0.731447041034698 -0.662152051925659 -0.155666351318359 -0.0410262569785118 0.0166465323418379 0.0202182438224554 -0.116683654487133 0.0602344870567322
-221.771251678467 -619.179923057556 -800.66149520874 -0.271052807569504 0.575708866119385 -0.77142059803009 0.262500047683716 -0.726834952831268 -0.634669005870819 -0.0456975623965263 0.159607067704201 0.168659240007401 0.160116389393806 0.0973121672868729 0.0606635957956314
-221.882795333862 -619.461791038513 -801.095307350159 0.547620952129364 0.7391357421875 -0.392160415649414 0.554001867771149 -0.67153012752533 -0.492066353559494 0.23318912088871 0.133632615208626 -0.19854898750782 -0.0295836478471756 -0.509062230587006 0.032391257584095
-221.253929138184 -613.096434593201 -795.078485488892 -0.994075298309326 -0.0669959634542465 -0.0855913013219833 0.0189100801944733 -0.882043838500977 0.470787703990936 -0.0589515306055546 -0.107918322086334 -0.0812953412532806 0.218442723155022 0.346208810806274 -0.296982288360596
-221.38535118103 -613.225724220276 -794.616050720215 -0.618835210800171 -0.464694648981094 -0.633326053619385 0.0120223462581635 -0.811758399009705 0.583869755268097 -0.263242453336716 -0.200470507144928 -0.0759963318705559 0.0934855788946152 0.0667002275586128 -1.13247907161713
-221.542079925537 -613.74621963501 -794.274028778076 -0.0630762577056885 -0.283894032239914 -0.956778764724731 0.212319523096085 -0.940558791160583 0.265084028244019 -0.379654914140701 0.189095497131348 -0.418404251337051 -0.227000623941422 -0.139320403337479 -0.0343141332268715
-221.777296066284 -614.250088691711 -794.29189491272 0.630171656608582 -0.0177681166678667 -0.776252627372742 0.167641296982765 -0.973045110702515 0.158365920186043 -0.125766828656197 -0.0801661089062691 -0.0257943999022245 -0.054490689188242 -0.18281614780426 0.135934352874756
-221.815992355347 -614.749460220337 -794.430629730225 0.937947988510132 0.15412662923336 -0.310642153024673 0.201748162508011 -0.971125960350037 0.127326235175133 -0.106763169169426 -0.142996743321419 -0.626280307769775 0.243227049708366 0.466284841299057 0.344140350818634
-221.625038146973 -615.224969863892 -794.65721321106 0.818145275115967 0.387548536062241 0.424787640571594 0.40034157037735 -0.914198338985443 0.0629931092262268 0.416501373052597 -0.0935219675302505 -0.104686334729195 0.504524171352386 -0.0763633325695992 -0.384179502725601
-221.167655944824 -615.432399749756 -794.804882049561 0.448807418346405 0.392242282629013 0.802943348884583 0.726288318634033 -0.683607518672943 -0.0720147490501404 -0.968686282634735 -0.307792633771896 0.820364117622375 0.401751279830933 -0.427591174840927 -0.311026096343994
-220.701948165894 -615.615968704224 -794.827096939087 -0.0366296768188477 0.242065072059631 0.969568371772766 0.88954758644104 -0.434209287166595 0.142012417316437 -0.105021275579929 -0.0164525061845779 0.0105205839499831 0.164834246039391 0.0612958297133446 -0.669002175331116
-220.174001693726 -615.495282173157 -794.796047210693 -0.331447243690491 -0.431299030780792 0.839120924472809 0.865404665470123 -0.493229448795319 0.0883145928382874 0.324960947036743 0.047405481338501 0.366851389408112 0.427840054035187 -0.971790432929993 0.0909356698393822
-219.733875274658 -615.507375717163 -794.4983253479 -0.618847072124481 -0.671811938285828 0.407059073448181 0.785445213317871 -0.535959005355835 0.309554040431976 -0.111684553325176 -0.115322537720203 0.00670702895149589 -0.0697098225355148 0.282350480556488 -0.418476998806
-219.548675537109 -615.596878051758 -794.064226150513 -0.3543481528759 -0.902022302150726 -0.246563076972961 0.824286818504333 -0.425808489322662 0.373146742582321 -0.257488459348679 -0.52276611328125 -0.114920914173126 -0.46493735909462 0.103431157767773 0.0987748354673386
-219.368043899536 -615.896982192993 -793.669620513916 -0.0742184817790985 -0.674303650856018 -0.734715104103088 0.805617690086365 -0.474775373935699 0.354356497526169 0.0386657081544399 -0.0651569738984108 0.0207696314901114 -0.228343337774277 -0.00735632237046957 -0.731253981590271
-219.149040222168 -616.298961639404 -793.424411773682 0.19199475646019 -0.150624811649323 -0.969768166542053 0.873824715614319 -0.423568695783615 0.238788783550262 -0.214178740978241 -0.0311003718525171 0.647095322608948 0.331394672393799 0.237575843930244 -0.153899073600769
-218.903600692749 -616.728923797607 -793.460592269897 0.405625402927399 0.479773700237274 -0.778000831604004 0.856444835662842 -0.496857851743698 0.140123784542084 -0.250354826450348 0.0521623753011227 0.159881308674812 -0.275144904851913 -0.257431119680405 0.387380838394165
-218.599674224854 -617.11240196228 -793.699684143066 0.477538883686066 0.785104155540466 -0.394421100616455 0.858914732933044 -0.511670231819153 0.0214257538318634 -0.00347941741347313 0.110489346086979 0.146138280630112 -0.294720441102982 -0.6043781042099 -0.327738225460052
-218.26043510437 -617.350050926208 -794.080518722534 0.533806562423706 0.842036843299866 0.0776172876358032 0.844250857830048 -0.535896480083466 0.00744524598121643 0.516485989093781 0.0671926215291023 -0.213752031326294 0.00693810731172562 -0.180419683456421 -0.077172264456749
-217.831949234009 -617.434629440308 -794.396286010742 0.433353751897812 0.58671247959137 0.684085607528687 0.890130639076233 -0.397379755973816 -0.223062455654144 -0.519589006900787 0.207931399345398 0.115206032991409 0.257383316755295 0.240445673465729 -0.0723221525549889
-217.336921691895 -617.250602722168 -794.64319229126 0.227369248867035 0.0293576568365097 0.973365962505341 0.90071839094162 -0.386270642280579 -0.198749214410782 -0.0447388626635075 0.387014895677567 0.365602374076843 0.216061845421791 0.0464276373386383 0.29772213101387
-216.797550201416 -617.117883682251 -794.694755554199 -0.184430092573166 -0.53676700592041 0.823326647281647 0.864502727985382 -0.487112998962402 -0.123919039964676 -0.394517332315445 -0.136782184243202 0.434316396713257 -0.0925508067011833 -0.090112715959549 0.359987527132034
-216.264560699463 -617.168281555176 -794.574871063232 -0.473803639411926 -0.738355815410614 0.479938328266144 0.857989311218262 -0.509828865528107 0.0626815035939217 -0.133267611265182 -0.260298103094101 -0.433378487825394 0.0147630656138062 -0.279449790716171 -0.305664777755737
-215.846601486206 -617.493458747864 -794.342470169067 -0.722161173820496 -0.615922272205353 -0.31483793258667 0.678375601768494 -0.7196004986763 -0.148262143135071 -0.411696493625641 -0.0245672147721052 0.440420866012573 -0.217649832367897 -0.0989820659160614 -0.300401419401169
-215.129793167114 -618.335563659668 -794.660875320435 -0.492736965417862 -0.860313534736633 -0.130655437707901 0.318378001451492 -0.0385000854730606 -0.947181701660156 0.240627229213715 -0.246483087539673 0.116195887327194 0.290606319904327 0.155032575130463 0.00707258051261306
-214.83278465271 -618.552738189697 -795.028623580933 -0.910212755203247 -0.389933049678802 -0.139516562223434 0.200462326407433 -0.120043054223061 -0.97231912612915 0.127632796764374 -0.0189593937247992 -0.000258035957813263 0.49313098192215 -0.222441956400871 0.377754718065262
-214.677560806274 -618.850835800171 -795.360534667969 -0.970235824584961 0.18832765519619 -0.15223403275013 0.166226044297218 0.0607868880033493 -0.984212279319763 -0.0438973940908909 0.452356189489365 0.403917729854584 -0.0342921428382397 0.0785048827528954 0.0302075631916523
-214.873336791992 -619.021608352661 -795.888742446899 -0.547756433486938 0.826417684555054 0.130371958017349 0.182788580656052 0.270275682210922 -0.945272147655487 0.657802879810333 0.136375799775124 0.823304891586304 -0.375187247991562 -0.140538170933723 0.138390883803368
-215.063323974609 -619.006401062012 -796.463026046753 -0.0072999894618988 0.921829283237457 0.387527495622635 0.24217614531517 0.377630829811096 -0.893725752830505 -0.299995064735413 0.0745604112744331 -0.254526048898697 0.25183379650116 -0.365201890468597 -0.0454170852899551
-215.278316497803 -618.741219520569 -796.853073120117 0.461625725030899 0.742268085479736 0.485736310482025 0.125083282589912 0.487633347511292 -0.864041566848755 -0.0237693004310131 0.328937143087387 0.229727938771248 -0.304586440324783 -0.171877667307854 0.0907255262136459
-215.437215805054 -618.357616424561 -797.188493728638 0.852225542068481 0.339469641447067 0.398085385560989 0.19565212726593 0.498894423246384 -0.844289362430573 -0.121156886219978 -0.45581242442131 -0.0567163042724133 -0.0857659131288528 0.0241335649043322 0.240504637360573
-215.379829406738 -617.976405143738 -797.485855102539 0.942951202392578 -0.0814303606748581 0.322818994522095 0.283371984958649 0.705291390419006 -0.649818778038025 0.33384644985199 0.0288294274359941 0.404794216156006 0.639750719070435 0.144194722175598 0.26705464720726
-215.238637924194 -617.556571006775 -797.665849685669 0.887247323989868 -0.459504812955856 0.0405895821750164 0.424726963043213 0.779411911964417 -0.460569322109222 -0.129804417490959 -0.628502547740936 0.12733693420887 -0.110006511211395 0.145516216754913 -0.0424237586557865
-214.901245117188 -617.112813949585 -797.674615859985 0.550159096717834 -0.64887136220932 -0.525633692741394 0.28664156794548 0.737951993942261 -0.610952854156494 0.203993454575539 -0.0568036772310734 0.231185764074326 -0.192762106657028 -0.0642111003398895 0.0615083426237106
-214.489599227905 -616.82444190979 -797.841535568237 0.00704389810562134 -0.697469830513 -0.716579556465149 0.423523664474487 0.651232123374939 -0.629701912403107 0.494104385375977 -0.0254288427531719 -0.266788005828857 0.471490263938904 0.210598632693291 -0.0758330374956131
-214.009405136108 -616.807416915894 -798.097234725952 -0.523442387580872 -0.401596665382385 -0.751483917236328 0.541691064834595 0.523941993713379 -0.657309293746948 0.114909194409847 0.18811072409153 0.12991701066494 0.309446066617966 0.00874628312885761 -0.261408299207687
-213.622762680054 -616.822104454041 -798.499017715454 -0.862963199615479 0.0698307082056999 -0.50041800737381 0.437996715307236 0.597150921821594 -0.671989321708679 -0.0440551079809666 0.0292999595403671 -0.0983970537781715 0.0428426153957844 0.297547698020935 -0.516978919506073
-213.430728912354 -616.630024909973 -798.977779388428 -0.91700005531311 0.398493230342865 -0.0177209973335266 0.296470582485199 0.651160299777985 -0.698638319969177 0.089480347931385 -0.197054520249367 0.441790759563446 -0.284577041864395 0.288305133581161 0.112345896661282
-213.424884796143 -616.373978614807 -799.517074584961 -0.754457950592041 0.400970935821533 0.519630193710327 0.0105588436126709 0.799010932445526 -0.601223707199097 0.174255207180977 -0.240095227956772 0.443142414093018 -0.054536834359169 0.550666630268097 -0.63872617483139
-213.73634147644 -616.112997055054 -799.86808013916 0.0582015514373779 0.613238215446472 0.787750899791718 0.23321396112442 0.758902668952942 -0.608011484146118 -0.0955943018198013 0.033114917576313 -0.737442970275879 0.241554796695709 -0.415529370307922 -0.192668348550797
-213.921670913696 -615.718628883362 -800.079751968384 0.514769077301025 0.351813197135925 0.781818628311157 0.137562781572342 0.866213500499725 -0.480365067720413 0.181570738554001 -0.23504775762558 -0.0458017028868198 0.00699350703507662 0.559595167636871 0.64981073141098
-214.097011566162 -615.171235084534 -800.067322731018 0.920531272888184 -0.0284859538078308 0.389629125595093 0.239543259143829 0.829010963439941 -0.505331516265869 0.256157726049423 -0.260595828294754 -0.116528861224651 -0.290186822414398 0.352612882852554 -0.547365188598633
-213.923084259033 -614.64547252655 -800.10880279541 0.756659686565399 -0.62835955619812 -0.180638641119003 0.39214363694191 0.657240688800812 -0.643628835678101 0.275896012783051 -0.346052765846252 0.107423268258572 0.679514825344086 0.153433293104172 -0.0168645046651363
-213.562528610229 -614.248329162598 -800.181606292725 0.209245532751083 -0.772844851016998 -0.599105358123779 0.221490383148193 0.63420295715332 -0.740762233734131 0.0732525736093521 -0.136201798915863 0.442761063575745 -0.177338644862175 0.251310646533966 0.201188415288925
-214.624725341797 -613.48321723938 -800.394442558289 -0.424679666757584 -0.838558971881866 -0.341271281242371 -0.88846480846405 0.313569635152817 0.335118502378464 -0.763522624969482 -0.149166405200958 -0.411469459533691 0.0173401907086372 -0.444984287023544 0.209918171167374
-215.109432220459 -613.288855552673 -800.517516136169 -0.212879478931427 -0.975872874259949 0.0485208928585052 -0.93507707118988 0.217880457639694 0.279569178819656 -0.551301002502441 0.0370052643120289 0.365736424922943 0.149513363838196 -0.271141797304153 0.00122230721171945
-215.645526885986 -613.318315505981 -800.61111164093 0.282423883676529 -0.725201725959778 0.627948343753815 -0.875270187854767 0.0730985105037689 0.478078156709671 -0.42569962143898 -0.150492295622826 -0.397832423448563 0.092509426176548 0.252224922180176 0.739801287651062
-216.1608543396 -613.532072067261 -800.515655517578 0.517528533935547 -0.205362126231194 0.83065664768219 -0.843480467796326 0.0408089868724346 0.53560733795166 0.161737576127052 -0.504584133625031 0.241210266947746 0.10187716037035 -0.0720000639557838 -0.482663005590439
-216.526401519775 -613.786239624023 -800.178492546082 0.662054061889648 0.476047873497009 0.578846156597137 -0.720981180667877 0.193678170442581 0.665338158607483 -0.42637425661087 -0.375701189041138 0.880601465702057 0.263101160526276 -0.202533796429634 0.121759250760078
-216.727445602417 -613.870135307312 -799.649549484253 0.59681761264801 0.77738881111145 0.198684170842171 -0.467886209487915 0.136019438505173 0.873258948326111 0.0778721123933792 -0.310403198003769 0.0538702197372913 -0.0798468515276909 0.0915196761488914 0.174556598067284
-216.752006530762 -613.876777648926 -799.115613937378 0.0947987735271454 0.97136652469635 -0.217854082584381 -0.608999252319336 0.229700446128845 0.759182214736938 -0.25354927778244 -0.336199730634689 -0.0582853853702545 0.461175680160522 0.411144316196442 0.428386628627777
-216.785898208618 -613.672271728516 -798.589954376221 -0.201189458370209 0.80094701051712 -0.563920795917511 -0.527271926403046 0.396624565124512 0.751447439193726 -0.189829617738724 -0.165278822183609 -0.0819125697016716 0.382724821567535 0.178164288401604 -0.485196083784103
-216.885746002197 -613.197504997253 -798.245042800903 -0.636089086532593 0.133177369832993 -0.760035812854767 -0.658618152141571 0.419471502304077 0.624712586402893 0.410353899002075 -0.176991403102875 0.190659895539284 -0.224836707115173 0.324507355690002 0.418550342321396
-217.123258590698 -612.622602462769 -798.070772171021 -0.645361721515656 -0.353075265884399 -0.677381694316864 -0.739821374416351 0.509689807891846 0.439181596040726 -0.131784617900848 -0.317734032869339 -0.277735203504562 -0.0990171805024147 -0.396871626377106 0.278241008520126
-217.491748809814 -612.223398208618 -798.066831588745 -0.55155998468399 -0.801841139793396 -0.22985315322876 -0.747653484344482 0.35305118560791 0.562467098236084 0.440160930156708 0.568248331546783 0.0903757140040398 -0.630001068115234 -0.641156494617462 -0.525370657444
-218.023082733154 -611.984064102173 -798.051570892334 -0.163709878921509 -0.971904516220093 0.169117629528046 -0.714653551578522 0.235016062855721 0.658815503120422 0.632214486598969 0.13993564248085 -0.0536704212427139 -0.00641489028930664 -0.119949102401733 -0.124921724200249
-218.531652450562 -612.05249786377 -798.001415252686 0.260820627212524 -0.825037777423859 0.501283705234528 -0.872271597385406 0.0210948586463928 0.488566547632217 0.53789347410202 0.238159596920013 0.437644004821777 0.158853009343147 -0.245205387473106 0.33007138967514
-219.03503036499 -612.383378982544 -797.910013198853 0.498270988464355 -0.369897186756134 0.784156918525696 -0.813467264175415 0.113490559160709 0.570430397987366 0.024630568921566 0.289525121450424 -0.0280230827629566 0.0915724337100983 0.535903632640839 -0.248202487826347
-219.357921600342 -612.666374206543 -797.723094940186 0.444936037063599 0.435866624116898 0.782337665557861 -0.88830304145813 0.103791132569313 0.447375804185867 -0.0694738253951073 0.200840309262276 0.895212054252625 0.227647021412849 -0.133099421858788 0.0911649540066719
-219.657302856445 -612.834438323975 -797.233076095581 0.376661598682404 0.823301911354065 0.42461758852005 -0.784666121006012 0.039926677942276 0.618631601333618 -0.131106868386269 -0.100507982075214 0.234841018915176 0.151036277413368 -0.0861483886837959 0.22551129758358
-219.882112503052 -612.872562408447 -796.725605010986 0.232027769088745 0.971894860267639 -0.0397936999797821 -0.735241293907166 0.202020704746246 0.64699912071228 -0.323888331651688 0.0320994444191456 0.0679095759987831 -0.438202649354935 -0.197583824396133 -0.339780300855637
-220.070861816406 -612.71696472168 -796.296974182129 -0.136094272136688 0.786205053329468 -0.602793574333191 -0.845407485961914 0.225049868226051 0.484395444393158 0.148879542946815 0.907091975212097 -0.332526236772537 0.130212172865868 0.533527016639709 -0.207406729459763
-220.33074760437 -612.380727767944 -795.942012786865 -0.285108208656311 0.34631884098053 -0.893743097782135 -0.798330843448639 0.430236130952835 0.421384513378143 -0.621477901935577 -0.256147623062134 -0.156933143734932 -0.136610209941864 -0.199604883790016 0.0690998807549477
-220.342147231102 -619.362156867981 -802.452252388 -0.66908848285675 0.725708186626434 -0.160213097929955 0.738692820072174 0.673069953918457 -0.0361918844282627 -0.319137454032898 0.434441238641739 -0.499762326478958 0.155024111270905 -0.596304655075073 -0.300061345100403
-220.145636022091 -619.046535491943 -802.798783302307 -0.436916708946228 0.619300663471222 0.652357637882233 0.750791966915131 0.650504171848297 -0.114698052406311 -0.111969597637653 0.606731712818146 -0.224792927503586 -0.27585631608963 -0.563137710094452 0.0373716987669468
-219.972279548645 -618.550733566284 -802.984829902649 -0.174289792776108 0.00395114719867706 0.984686493873596 0.869724750518799 0.469528883695602 0.152057498693466 0.227463960647583 -0.0818719416856766 -0.319349735975266 0.0340148769319057 -0.115648873150349 0.246217742562294
-219.772713065147 -618.088770866394 -802.815284729004 0.135827898979187 -0.588236451148987 0.797200500965118 0.824014008045197 0.513814985752106 0.238736182451248 -0.607676982879639 0.059381116181612 -0.344625174999237 0.357269436120987 0.780191540718079 -0.451780617237091
-219.469529509544 -617.729351043701 -802.475584030151 0.26671501994133 -0.920821249485016 0.284519672393799 0.873500823974609 0.355705916881561 0.332369893789291 -0.205519437789917 0.405139595270157 -0.294875591993332 -0.418897598981857 0.552547872066498 0.498112231492996
-219.19045996666 -617.643615722656 -802.002243041992 0.422475755214691 -0.849371373653412 -0.316358357667923 0.906063675880432 0.386632740497589 0.171941459178925 -0.0407408699393272 -0.183402389287949 0.654503107070923 -0.477926343679428 0.222383096814156 0.0216697938740253
-218.719688415527 -617.643663406372 -801.75262928009 0.264027416706085 -0.490261882543564 -0.830622017383575 0.955895841121674 0.24787949025631 0.157540738582611 -0.145431593060493 -0.367361605167389 -0.112839050590992 -0.613339066505432 0.838553488254547 -0.127228051424026
-218.217533588409 -617.803130149841 -801.635414123535 0.00509268045425415 0.12726292014122 -0.991855919361115 0.969612896442413 0.241977035999298 0.0360260307788849 -0.193120986223221 0.295817494392395 0.741319000720978 0.271052330732346 0.162860661745071 -0.496613800525665
-217.788214683533 -618.018075942993 -801.719754219055 -0.174721986055374 0.754771709442139 -0.632290959358215 0.980559110641479 0.191630512475967 -0.0422083139419556 0.208008989691734 -0.21699546277523 0.381866574287415 0.155154913663864 -0.420344263315201 0.412397056818008
-217.27357506752 -618.006212234497 -802.09614276886 -0.396047413349152 0.910110116004944 -0.121843874454498 0.906377732753754 0.366227030754089 -0.210611343383789 -0.0499257035553455 -0.542117238044739 0.29258781671524 0.320569425821304 -0.372864335775375 0.0232132226228714
-216.905336856842 -617.847908973694 -802.440463066101 -0.381811827421188 0.803073525428772 0.457485198974609 0.859944343566895 0.490069925785065 -0.142573326826096 0.292070776224136 0.382733881473541 0.598477244377136 -0.270662665367126 -0.0265368614345789 -0.670093178749084
-216.698872566223 -617.444826126099 -802.748742103577 -0.153609484434128 0.406399786472321 0.900690495967865 0.806755840778351 0.577905535697937 -0.123167037963867 -0.132158890366554 -0.333870947360992 -0.0908552408218384 0.276871472597122 -0.217808961868286 0.37052795290947
-216.378524303436 -617.022607803345 -802.848587989807 0.109287738800049 -0.0610148012638092 0.992135763168335 0.673556685447693 0.738575339317322 -0.0287737548351288 -0.361484229564667 0.432935237884521 0.663701176643372 -0.0246309582144022 -0.0644845589995384 -0.331250816583633
-216.237202167511 -616.492990493774 -802.715691566467 0.467393189668655 -0.537466108798981 0.701907336711884 0.71552437543869 0.696283102035522 0.0566988810896873 -0.176116958260536 -0.521490573883057 0.307906180620193 0.205694362521172 0.28327214717865 0.259674876928329
-216.002745628357 -616.130527496338 -802.364974975586 0.624188005924225 -0.778321146965027 0.0678632184863091 0.767970502376556 0.627201676368713 0.129766240715981 -0.141087979078293 -0.19690378010273 0.00929211638867855 -0.193388342857361 0.374868720769882 -0.210796624422073
-215.640016078949 -615.882225036621 -802.046983718872 0.561043083667755 -0.739842534065247 -0.371300041675568 0.824151575565338 0.541225671768188 0.166880458593369 0.206551253795624 0.168408960103989 -0.459461510181427 -0.186886832118034 0.0153573742136359 0.262523502111435
-215.226382255554 -615.876576423645 -801.775949478149 0.410654783248901 -0.34213000535965 -0.845168471336365 0.86938202381134 0.426327556371689 0.249839514493942 -0.191322505474091 -0.133953616023064 -0.140500336885452 0.0733757838606834 -0.213434234261513 0.611492991447449
-214.711815357208 -615.935713768005 -801.66295337677 0.0232232511043549 0.126619338989258 -0.991679549217224 0.899032354354858 0.431216716766357 0.0761121213436127 0.0809237584471703 0.0485072769224644 -0.121196001768112 0.273587882518768 -0.696680724620819 0.0539005510509014
-214.177297592163 -615.894205093384 -801.733812332153 -0.387153267860413 0.508922040462494 -0.768837213516235 0.838630437850952 0.540897190570831 -0.0642580986022949 -0.212241545319557 0.482680410146713 -0.0230989195406437 -0.418192565441132 0.0371171981096268 0.0854473039507866
-213.720994949341 -615.758156776428 -802.016646385193 -0.642486333847046 0.723568856716156 -0.252308309078217 0.763743340969086 0.631498634815216 -0.133812040090561 0.285713315010071 -0.788013219833374 0.28344252705574 0.132571518421173 -0.276489645242691 -0.316601097583771
-213.047003269196 -615.1484375 -800.635092735291 -0.13752481341362 0.854340493679047 0.501187920570374 -0.351141571998596 -0.51518452167511 0.781846940517426 0.25106680393219 0.489571034908295 -0.069603405892849 0.379444241523743 -0.0168066564947367 -0.154656261205673
-212.950037956238 -615.264815330505 -800.166326522827 -0.798912703990936 0.588468909263611 0.124269403517246 -0.298640161752701 -0.567476391792297 0.767323076725006 0.295810252428055 -0.226080805063248 -0.63579249382019 0.0610247254371643 0.00744469044730067 0.304414540529251
-212.98899936676 -615.22168636322 -799.620080947876 -0.937620520591736 0.119120344519615 -0.326615989208221 -0.328602731227875 -0.610424637794495 0.720695495605469 0.0764160677790642 0.195954918861389 0.368101090192795 -0.0769852846860886 0.0410319678485394 -0.135898098349571
-213.323963165283 -615.246536254883 -799.16641998291 -0.55536150932312 -0.442394077777863 -0.704174160957336 -0.351913183927536 -0.64218682050705 0.680994391441345 -0.219123259186745 0.0974158123135567 0.0245756786316633 -0.0357450805604458 0.205532044172287 -0.0794039368629456
-213.783044338226 -615.465491294861 -798.884992599487 0.122007191181183 -0.483567357063293 -0.866762220859528 -0.362658053636551 -0.834622979164124 0.414588421583176 0.444096744060516 0.135237112641335 -0.664872705936432 0.161204785108566 0.0229612272232771 0.388333559036255
-214.172532081604 -615.768097877502 -798.918048858643 0.614512503147125 -0.595743715763092 -0.517168998718262 -0.4128338098526 -0.801464021205902 0.432693392038345 0.173005968332291 -0.913187861442566 -0.310865014791489 -0.235537260770798 0.16572792828083 0.0358007848262787
-214.523797512054 -616.102305412292 -798.880014419556 0.900650024414062 -0.430531024932861 -0.0589287430047989 -0.389800846576691 -0.860383450984955 0.32832258939743 -0.065889835357666 -0.510749518871307 -0.000819737557321787 0.338549882173538 0.529806435108185 0.148541554808617
-214.709447383881 -616.662373542786 -799.009489059448 0.845750093460083 -0.0692030638456345 0.52907258272171 -0.306640326976776 -0.874499678611755 0.37579533457756 -0.210061490535736 0.237865701317787 -0.5409255027771 -0.492983490228653 0.0958064198493958 -0.0444093197584152
-214.66498708725 -617.256342887878 -798.956819534302 0.599263072013855 0.376172244548798 0.706667065620422 -0.205217391252518 -0.781044900417328 0.589792132377625 -0.132521748542786 -0.113080956041813 -0.0944129303097725 -0.536625921726227 -0.232904151082039 -0.350601434707642
-214.4748878479 -617.67019367218 -798.625078201294 0.0344858467578888 0.736013889312744 0.676087498664856 0.00695917010307312 -0.676650285720825 0.736271619796753 -0.0885841250419617 -0.213079303503036 0.263788998126984 -0.162891864776611 -0.166713044047356 -0.532353460788727
-214.20916557312 -617.892322540283 -798.246744155884 -0.614484548568726 0.661390125751495 0.430083453655243 -0.222483158111572 -0.668297111988068 0.709845185279846 -0.209857597947121 0.52336847782135 0.193797260522842 -0.590584993362427 0.347555428743362 -0.237651407718658
-214.140037059784 -617.968967437744 -797.661005020142 -0.952242910861969 0.298204630613327 0.0656316131353378 -0.160560488700867 -0.671851217746735 0.72307425737381 0.0429018847644329 -0.126948460936546 -0.162386372685432 0.644189357757568 0.545204937458038 -0.127941116690636
-214.257660388947 -618.090888023376 -797.173580169678 -0.95972615480423 0.160938948392868 -0.230270534753799 -0.278319746255875 -0.433038294315338 0.857330739498138 -0.209144577383995 0.16768890619278 0.445535808801651 -0.0988817662000656 0.25753527879715 0.161116734147072
-214.417983055115 -617.960655212402 -796.733371734619 -0.796356439590454 -0.416769236326218 -0.438314735889435 -0.358676433563232 -0.258094131946564 0.897072196006775 -0.0532164685428143 0.238279759883881 -0.270353823900223 -0.476012617349625 -0.159929752349854 -0.130601063370705
-214.757950305939 -617.834144592285 -796.317893981934 -0.435138821601868 -0.796548187732697 -0.419720500707626 -0.268659204244614 -0.330061376094818 0.904920816421509 -0.384215205907822 0.401908308267593 -0.07011878490448 -0.0116876885294914 -0.374968349933624 -0.243877381086349
-215.103813171387 -617.932267189026 -795.974994659424 0.0260887145996094 -0.895372211933136 -0.444553732872009 -0.536067485809326 -0.387887984514236 0.749783039093018 -0.0861992463469505 -0.258903831243515 -0.308065146207809 0.256618082523346 -0.311094254255295 0.230085507035255
-215.512073516846 -618.066836357117 -795.721494674683 0.620238900184631 -0.759822726249695 -0.194867089390755 -0.421909689903259 -0.532576680183411 0.733726382255554 0.340355157852173 -0.57138991355896 -0.327223032712936 -0.364922881126404 -0.281631261110306 -0.267937183380127
-215.817759990692 -618.525831222534 -795.595302581787 0.927409052848816 -0.248564049601555 0.27951455116272 -0.371080696582794 -0.517443776130676 0.771071434020996 -0.471931010484695 -0.18402723968029 -0.0700354501605034 -0.412333697080612 0.604524314403534 -0.909583210945129
-215.938639640808 -619.015089035034 -795.243953704834 0.911032140254974 0.35344323515892 0.212364077568054 -0.111039645969868 -0.285705715417862 0.951862633228302 -0.0745461285114288 0.260245144367218 0.00271739391610026 0.180738762021065 0.0969564169645309 0.281369924545288
-215.728732585907 -619.348973274231 -794.853204727173 0.504781603813171 0.848844349384308 0.157030805945396 0.0892883688211441 -0.232271522283554 0.968544006347656 0.107159689068794 0.183613404631615 -0.358709156513214 -0.311784654855728 0.346967905759811 0.38614097237587
-216.832975387573 -619.99259185791 -794.543190002441 -0.671871721744537 0.733612418174744 -0.101987257599831 -0.449627816677094 -0.51340115070343 -0.730926930904388 0.144128188490868 0.149112969636917 -0.168114557862282 -0.479778468608856 0.29332235455513 0.303007662296295
-217.213635444641 -620.245798110962 -794.654357910156 -0.134638756513596 0.854353845119476 -0.501948177814484 -0.483446210622787 -0.498816758394241 -0.719348073005676 0.120643109083176 0.487852543592453 -0.0331748686730862 0.0310577414929867 -0.162500321865082 0.18570464849472
-217.739454269409 -620.367936134338 -794.895599365234 0.304198622703552 0.758219659328461 -0.576685428619385 -0.515608787536621 -0.377980828285217 -0.768946051597595 -0.316900670528412 -0.139538958668709 -0.0362283252179623 0.181294128298759 0.0179585758596659 -0.0988148301839828
-218.191086053848 -620.377060890198 -795.132614135742 0.719955205917358 0.263458490371704 -0.642070114612579 -0.596851408481598 -0.237071543931961 -0.766528129577637 0.112226746976376 -0.589134395122528 0.0210249964147806 0.363448590040207 -0.30810135602951 -0.207703709602356
-218.537679672241 -620.103507041931 -795.49720954895 0.825601577758789 -0.207805782556534 -0.524593770503998 -0.55642157793045 -0.145472541451454 -0.818066358566284 0.191171228885651 0.111264042556286 0.213268250226974 0.384584844112396 0.0328103639185429 0.178237050771713
-218.623570919037 -620.012786865234 -796.079061508179 0.809311866760254 -0.528492093086243 -0.256340354681015 -0.318356841802597 -0.0279136002063751 -0.947559952735901 0.802568137645721 0.640641808509827 -0.0898856446146965 0.207589194178581 -0.13057467341423 0.411536246538162
-218.455133676529 -619.845239639282 -796.608541488647 0.321898102760315 -0.94641250371933 -0.0261724293231964 -0.31285434961319 -0.0802371874451637 -0.94640588760376 0.00392339378595352 0.273395419120789 -0.235244303941727 0.321321696043015 -0.300986140966415 0.205495104193687
-218.254845142365 -619.868589401245 -797.133773803711 -0.234400898218155 -0.926224827766418 0.29523491859436 -0.273616671562195 -0.228560507297516 -0.934287905693054 -0.0728972852230072 -0.465108036994934 0.546207129955292 -0.727349162101746 0.407637894153595 0.289229810237885
-218.164898633957 -620.206671714783 -797.488107681274 -0.819881796836853 -0.450146973133087 0.3537817299366 -0.217746645212173 -0.326325833797455 -0.919835805892944 0.142693057656288 -0.101973839104176 -0.0299067758023739 -0.148167937994003 -0.357020825147629 0.555302560329437
-218.243117570877 -620.63249874115 -797.912452697754 -0.876756966114044 0.0532552301883698 0.477975994348526 -0.477621585130692 -0.21285454928875 -0.852391004562378 0.0491147935390472 0.364082306623459 0.0127734383568168 0.746231019496918 0.0350179150700569 0.74758106470108
-218.512653827667 -621.018271446228 -798.154973983765 -0.696802318096161 0.68864893913269 0.200572296977043 -0.510827243328094 -0.280157059431076 -0.812753140926361 -0.236778855323792 0.0880641937255859 -0.333026230335236 -0.149636700749397 -0.236073181033134 0.000806667027063668
-218.943668603897 -621.199087619781 -798.362794876099 -0.252125263214111 0.967618644237518 -0.0121269524097443 -0.695815682411194 -0.189984172582626 -0.69263744354248 -0.0260909926146269 0.334837347269058 0.0270220786333084 0.293548822402954 -0.0472198203206062 0.034383662045002
-219.441385984421 -621.190474033356 -798.540596008301 0.22714376449585 0.952074646949768 -0.204840540885925 -0.846532702445984 0.0890443325042725 -0.524836659431458 -0.000111209010356106 0.432622045278549 0.108652584254742 -0.00129582337103784 -0.0345646142959595 -0.0059717926196754
-219.949958920479 -621.016236782074 -798.687078475952 0.644088625907898 0.578551590442657 -0.500427722930908 -0.667819857597351 0.106247559189796 -0.736700773239136 -0.222079306840897 0.027158796787262 -0.046390924602747 0.344668835401535 0.0458040833473206 -0.486554145812988
-220.249179601669 -620.655344963074 -798.939064025879 0.726331412792206 -0.0793459191918373 -0.682749629020691 -0.662903189659119 0.181667640805244 -0.726330697536469 0.26193442940712 -0.685216724872589 0.184716045856476 0.357036381959915 0.16774445772171 -0.117004692554474
-220.413299918175 -620.286007881165 -799.309104919434 0.510630905628204 -0.695032119750977 -0.506148755550385 -0.580313503742218 0.155773252248764 -0.799356758594513 0.468841701745987 -0.0486011132597923 -0.324668079614639 0.0537619665265083 -0.245957240462303 0.126590520143509
-220.457711040974 -620.119365692139 -799.807592391968 0.083775520324707 -0.967040359973907 -0.240446805953979 -0.385887682437897 0.190984636545181 -0.902560591697693 -0.518724203109741 -0.386907577514648 -0.380710124969482 -0.011604405939579 -0.0749944895505905 0.146808698773384
-220.455577492714 -620.13086605072 -800.383302688599 -0.249688863754272 -0.948141634464264 0.196679830551147 -0.369983673095703 -0.0942884460091591 -0.924241185188293 -0.567145228385925 0.0330980308353901 0.0935184210538864 -0.056233286857605 -0.0587038733065128 0.0365507453680038
-220.515858769417 -620.184419631958 -800.931190490723 -0.45251476764679 -0.73343813419342 0.507246375083923 -0.564444184303284 -0.204798072576523 -0.799662709236145 -0.0240788925439119 -0.291186541318893 0.00719608180224895 0.235564202070236 0.202093780040741 0.22545962035656
-220.534966439009 -620.510272026062 -801.345836639404 -0.765852034091949 -0.163179159164429 0.621967196464539 -0.547954440116882 -0.340529531240463 -0.764058589935303 0.035717710852623 -0.0328389219939709 0.191733837127686 0.441787421703339 0.197411477565765 -0.164168104529381
-220.662454605103 -611.942481994629 -797.024311065674 0.33032763004303 -0.303470373153687 0.893750190734863 0.891680717468262 -0.21015976369381 -0.400921940803528 -0.154252767562866 -0.288059055805206 0.0937860608100891 -0.346301645040512 -0.117102712392807 0.124049134552479
-220.181276321411 -611.761308670044 -796.997543334961 0.0992100089788437 -0.818663001060486 0.565639615058899 0.94690328836441 -0.0970371812582016 -0.306525677442551 -0.114804543554783 -0.0430456884205341 0.129985958337784 -0.232686385512352 -0.282148957252502 0.311746925115585
-219.655376434326 -611.776792526245 -796.915897369385 -0.130462005734444 -0.95555591583252 0.264372229576111 0.962043046951294 -0.18647401034832 -0.199250519275665 0.0900231450796127 -0.011843791231513 -0.433348029851913 -0.436576217412949 -0.0150350853800774 0.0171207301318645
-219.143308639526 -611.911294937134 -796.708206176758 -0.472619265317917 -0.808115839958191 -0.351539224386215 0.839313983917236 -0.291145265102386 -0.459114789962769 -0.248194202780724 0.0619456022977829 0.723098754882812 0.311290502548218 0.224227622151375 0.085909977555275
-218.748552322388 -612.304944992065 -796.718141555786 -0.571885585784912 -0.202323094010353 -0.794991910457611 0.797170221805573 -0.365731358528137 -0.480375051498413 -0.271240234375 -0.0526953525841236 -0.350788861513138 -0.291255116462708 -0.0561214685440063 -0.0655258148908615
-218.39838218689 -612.728401184082 -796.950326919556 -0.536164045333862 0.264518201351166 -0.801597416400909 0.796247780323029 -0.156748458743095 -0.584311127662659 -0.308338135480881 0.00312347244471312 -0.202735081315041 -0.437323838472366 0.496951431035995 -0.279146671295166
-218.106927871704 -613.01308631897 -797.345397949219 -0.375798225402832 0.816377878189087 -0.438523411750793 0.703838467597961 -0.0563779026269913 -0.70811927318573 0.114150695502758 -0.500879168510437 0.155480787158012 0.103745810687542 0.00591716775670648 0.477271437644958
-218.203830718994 -613.120150566101 -797.809665679932 0.226043224334717 0.957976460456848 -0.176594346761703 0.462769538164139 -0.265129148960114 -0.845902442932129 0.117377854883671 0.493085354566574 0.41783607006073 0.232099801301956 -0.0260605160146952 0.251596719026566
-218.13302230835 -613.187003135681 -798.314359664917 0.520824372768402 0.837184011936188 0.166928082704544 0.44781431555748 -0.1014613956213 -0.888351261615753 0.0613311156630516 -0.391533583402634 0.293672442436218 0.12697833776474 0.472603499889374 -0.318522214889526
-218.001375198364 -613.048033714294 -798.828722000122 0.729723989963531 0.238471105694771 0.640807688236237 0.681823790073395 -0.323944926261902 -0.655878067016602 0.235804185271263 0.216032668948174 -0.0845055058598518 -0.380613058805466 0.282570123672485 -0.282087981700897
-217.610666275024 -612.980257034302 -799.166370391846 0.596752166748047 -0.266607075929642 0.756840527057648 0.762842953205109 -0.104087054729462 -0.638150930404663 0.0268301423639059 -0.0700695738196373 0.485721349716187 0.437635391950607 -0.417722225189209 -0.246786206960678
-217.069229125977 -612.77264213562 -799.28577041626 0.200292527675629 -0.727649390697479 0.656055927276611 0.741805076599121 -0.324797213077545 -0.586712956428528 0.111100941896439 0.412869483232498 0.0646454691886902 -0.168691247701645 -0.212458282709122 -0.189933121204376
-216.573205947876 -612.725227355957 -799.398485183716 -0.205238193273544 -0.93851900100708 0.277595907449722 0.806881666183472 -0.3227818608284 -0.494726181030273 0.117236040532589 0.18113012611866 0.292989492416382 -0.279278218746185 -0.24636298418045 0.520220875740051
-216.106472015381 -612.896533966064 -799.400438308716 -0.491502821445465 -0.846333563327789 -0.205290973186493 0.81518542766571 -0.364163100719452 -0.450397342443466 0.358924746513367 0.707129657268524 -0.0446922443807125 0.167932212352753 0.284357070922852 0.175890982151031
-215.744749069214 -613.332728385925 -799.369016647339 -0.601026237010956 -0.252309292554855 -0.758358478546143 0.743549585342407 -0.524482369422913 -0.414792001247406 0.271544069051743 -0.329216301441193 -0.0661895573139191 -0.39300462603569 -0.221462607383728 0.23613403737545
-215.490262985229 -613.752229690552 -799.542970657349 -0.574766874313354 0.113423645496368 -0.810418546199799 0.578149378299713 -0.64458703994751 -0.500250816345215 0.159153267741203 0.0520883277058601 0.0988707542419434 0.0637121722102165 0.560420989990234 -0.187066093087196
-215.454956054688 -614.200510025024 -799.876249313354 -0.0495927855372429 0.718317687511444 -0.693945407867432 0.727305769920349 -0.4502172768116 -0.518006384372711 0.104827478528023 0.346315383911133 0.312559723854065 0.0160765070468187 -0.418505668640137 -0.245195388793945
-215.294324874878 -614.479455947876 -800.342553138733 -0.024648904800415 0.957145929336548 -0.288555473089218 0.671482801437378 -0.197985380887985 -0.714081764221191 0.301878064870834 0.301204413175583 -0.0241400506347418 0.224364563822746 0.305972844362259 -0.23150759935379
-215.211784362793 -614.486022949219 -800.891080856323 0.495465576648712 0.792634248733521 0.355309814214706 0.748042821884155 -0.181434378027916 -0.638367891311646 -0.0536156482994556 -0.144798636436462 0.33298733830452 -0.0952254384756088 0.180742681026459 0.182807564735413
-214.879932403564 -614.399517059326 -801.274837493896 0.49327227473259 0.288715273141861 0.820564448833466 0.869501411914825 -0.136006742715836 -0.474836230278015 -0.303937286138535 0.346097320318222 -0.166700974106789 0.0870133563876152 -0.0277071092277765 0.132096514105797
-214.430414199829 -614.906661987305 -802.393559455872 0.697887063026428 -0.693801403045654 0.177745282649994 -0.690065979957581 -0.717816531658173 -0.0924579501152039 0.253563791513443 0.0482717528939247 0.042631670832634 -0.271807938814163 -0.570331633090973 0.0861455500125885
-214.598173141479 -615.355802536011 -802.726495742798 0.376281261444092 -0.441814661026001 0.814378380775452 -0.73841667175293 -0.67390239238739 -0.0244205892086029 -0.266657054424286 0.585636854171753 -0.275538474321365 0.234561547636986 -0.151389449834824 -0.110058411955833
-214.608568191528 -615.917989730835 -802.836180686951 -0.0384902060031891 -0.0242193341255188 0.998965382575989 -0.72443687915802 -0.687897443771362 -0.0445902645587921 -0.875308275222778 0.145209088921547 0.339174509048462 -0.152702048420906 -0.362352341413498 -0.114524275064468
-214.782806396484 -616.45557308197 -802.762357711792 -0.325901538133621 0.546715915203094 0.771291017532349 -0.828697800636292 -0.557862401008606 0.0452726185321808 0.21820630133152 0.540363788604736 0.00113932648673654 0.334418922662735 0.244559049606323 -0.0802555680274963
-214.982860565186 -616.85760307312 -802.46190738678 -0.510035037994385 0.788142800331116 0.344521582126617 -0.816133320331573 -0.569911301136017 0.0955379009246826 0.0627852603793144 0.441530019044876 -0.0781002640724182 0.728923201560974 -0.530703067779541 0.0433834455907345
-215.353094100952 -617.049457550049 -802.110885620117 -0.542945086956024 0.803364455699921 -0.244573593139648 -0.818526983261108 -0.441180884838104 0.367930829524994 0.0491221286356449 0.26846569776535 0.554656207561493 -0.0349655970931053 -0.0374116748571396 0.496627926826477
-215.735284805298 -617.009931564331 -801.808586120605 -0.479043841362 0.433050870895386 -0.763533771038055 -0.787898600101471 -0.595576286315918 0.156539440155029 -0.0138558708131313 0.253044903278351 0.83530592918396 0.837644398212433 0.313494324684143 0.11991386115551
-216.257083892822 -617.088283538818 -801.678792953491 -0.0755684077739716 0.111682787537575 -0.990866482257843 -0.910235702991486 -0.413461446762085 0.0228168964385986 0.0856533199548721 0.201317399740219 0.174493208527565 -0.860597491264343 -0.0932439491152763 0.427863746881485
-216.873775482178 -617.018300056458 -801.615020751953 0.206339806318283 -0.249175280332565 -0.946221768856049 -0.919541537761688 -0.379932731389999 -0.100471347570419 0.263885825872421 0.111179493367672 -0.22032818198204 -0.134418979287148 -0.229710578918457 -0.134108781814575
-217.316482543945 -616.875744819641 -801.85542678833 0.318954169750214 -0.811721384525299 -0.489261150360107 -0.941594839096069 -0.212556838989258 -0.261186987161636 0.622597575187683 0.1579669713974 0.0733216181397438 0.34183144569397 0.00806572940200567 -0.289941191673279
-217.664218902588 -616.930040359497 -802.28379535675 0.35836860537529 -0.90485942363739 0.229785531759262 -0.847132682800293 -0.418621391057968 -0.327295541763306 -0.0152439754456282 -0.143248289823532 -0.19887700676918 -0.174325957894325 0.56291538476944 -0.0431325137615204
-217.891834259033 -617.24507522583 -802.659655570984 0.0649540722370148 -0.581277191638947 0.811108946800232 -0.838162779808044 -0.472887843847275 -0.271772176027298 0.107590489089489 -0.236573606729507 0.479491025209427 0.144723385572433 -0.0572935417294502 -0.0200396925210953
-218.152757644653 -617.705646514893 -802.833924293518 -0.0869213342666626 -0.0697575807571411 0.993769884109497 -0.811797618865967 -0.573244690895081 -0.111243724822998 -0.00421691592782736 0.341249465942383 -0.285571426153183 -0.232119560241699 0.27471336722374 0.00862709525972605
-218.414457321167 -618.25919342041 -802.708250045776 -0.314706891775131 0.585060775279999 0.747438013553619 -0.837158858776093 -0.542209088802338 0.07193323969841 0.0455896556377411 -0.0229800119996071 0.413998067378998 0.0974995046854019 0.233815014362335 0.440315663814545
-218.687910079956 -618.631927490234 -802.431460380554 -0.394151091575623 0.833924651145935 0.386283338069916 -0.866262257099152 -0.477495014667511 0.146930158138275 0.103626109659672 -0.407068222761154 0.126085326075554 0.439909160137177 -0.71645724773407 0.44647803902626
-219.145042419434 -618.824872016907 -802.132864952087 -0.249579459428787 0.910583019256592 -0.329466938972473 -0.96105694770813 -0.27461177110672 -0.0309492610394955 0.0227945726364851 -0.270777016878128 -0.174925342202187 0.409766495227814 -0.0187792256474495 0.319748163223267
-219.610420227051 -618.711007118225 -801.819994926453 -0.147262915968895 0.49114853143692 -0.858537554740906 -0.979577660560608 -0.192559316754341 0.0578661188483238 0.0437133722007275 -0.428849548101425 -0.23548723757267 -0.234602019190788 0.218442067503929 -0.18523120880127
-220.123323440552 -618.57660484314 -801.778719902039 0.151049911975861 0.0130067057907581 -0.988440573215485 -0.987677991390228 0.0433993265032768 -0.150362312793732 0.0469686016440392 -0.030225133523345 0.277616620063782 0.103579245507717 -0.168105959892273 -0.119580931961536
-220.624509811401 -618.335999488831 -801.995522499084 0.340926200151443 -0.593211770057678 -0.729293584823608 -0.910611271858215 -0.40113040804863 -0.0994057655334473 -0.418375611305237 -0.0498027764260769 0.0563338696956635 0.0505362711846828 -0.286553740501404 -0.371157556772232
-221.040645599365 -618.455835342407 -802.313715934753 0.537807822227478 -0.839970886707306 -0.0721920281648636 -0.823473036289215 -0.505024433135986 -0.258539021015167 -0.190715715289116 0.267706662416458 -0.189583718776703 0.0279961656779051 -0.453881621360779 0.106392256915569
-222.146909713745 -618.509536743164 -801.602170944214 0.307824432849884 -0.569995641708374 0.761806607246399 -0.425377160310745 0.633757174015045 0.646069884300232 -0.0526173301041126 0.335368514060974 -0.794878840446472 -0.239249065518379 -0.256217807531357 0.383120149374008
-222.516112327576 -618.492908477783 -801.25138759613 0.82619309425354 -0.0574503093957901 0.560450196266174 -0.385252684354782 0.668240547180176 0.636423587799072 0.366883307695389 -0.240181311964989 0.165833681821823 -0.291626393795013 0.245478123426437 -0.0618103928864002
-222.712464332581 -618.47806930542 -800.795337677002 0.935802340507507 0.31139549612999 0.165247678756714 -0.326248198747635 0.587421119213104 0.740606904029846 -0.210018366575241 -0.27628430724144 0.242650523781776 0.10121950507164 -0.149709448218346 -0.149483233690262
-222.711668014526 -618.364015579224 -800.254396438599 0.667988061904907 0.662715315818787 -0.338526636362076 -0.195394843816757 0.595136225223541 0.779508590698242 0.270856201648712 -0.11435479670763 -0.11425007134676 -0.323672950267792 -0.0862019509077072 0.133846700191498
-222.521202087402 -618.153259277344 -799.774513244629 0.258845686912537 0.688402593135834 -0.677569687366486 -0.20284104347229 0.724575161933899 0.65867006778717 -0.577772557735443 0.0618066638708115 -0.198747888207436 -0.334803700447083 0.330105900764465 0.0317951515316963
-222.324947357178 -617.82230091095 -799.509843826294 -0.365539312362671 0.586004436016083 -0.723173439502716 -0.0314298532903194 0.768726944923401 0.638804256916046 -0.0325542986392975 -0.128516063094139 -0.0582831092178822 -0.374244153499603 0.0511122234165668 0.166480422019958
-222.074392318726 -617.313046455383 -799.495260238647 -0.794793963432312 0.34429195523262 -0.499765634536743 0.0660324096679688 0.867672204971313 0.492731809616089 0.318384349346161 -0.212324529886246 -0.4342300593853 -0.0209908690303564 -0.151716887950897 0.0702123492956161
-222.037217140198 -616.822922706604 -799.492696762085 -0.9903604388237 -0.00185675919055939 -0.138501957058907 -0.0670380145311356 0.881426274776459 0.467539995908737 -0.540673017501831 -0.0306041110306978 -0.090317964553833 0.00530347693711519 0.427107989788055 -0.0618024729192257
-222.096220016479 -616.290235519409 -799.595893859863 -0.784227073192596 -0.270134210586548 0.558583438396454 0.0359717011451721 0.878944575786591 0.475565433502197 0.0069101694971323 0.382296085357666 0.586588084697723 -0.115766033530235 0.105761162936687 0.0691693127155304
-222.248641014099 -615.76607131958 -799.549674987793 -0.410532772541046 -0.450564563274384 0.792751133441925 -0.128674194216728 0.889317452907562 0.438813537359238 0.643903970718384 0.0846337899565697 -0.519753456115723 0.158826649188995 0.200169682502747 -0.500921726226807
-222.630798339844 -615.378502845764 -799.307109832764 0.237919479608536 -0.618589997291565 0.748826265335083 0.0342783033847809 0.775831937789917 0.630007743835449 -0.220855787396431 0.488157778978348 0.456228286027908 0.106078408658504 0.0760687962174416 0.380295813083649
-222.828404426575 -615.12008190155 -798.891725540161 0.744054138660431 -0.530374646186829 0.406307965517044 0.190936475992203 0.751572549343109 0.63141268491745 0.503972232341766 0.414913296699524 -0.121083900332451 -0.217959553003311 -0.73547488451004 0.07086031883955
-223.001766204834 -614.955520629883 -798.4465675354 0.989803194999695 -0.0925976559519768 0.108237594366074 -0.00385890156030655 0.742161273956299 0.670210301876068 0.573190331459045 0.0729854181408882 0.242542654275894 0.202253177762032 0.0681025236845016 0.350936263799667
-222.91982460022 -614.811866760254 -797.89594078064 0.836408019065857 0.176512986421585 -0.518907427787781 0.190091103315353 0.794549524784088 0.576677143573761 0.0247690863907337 -0.00334835425019264 0.0161171387881041 -0.113174639642239 0.0441772677004337 -0.0619159452617168
-222.616278648376 -614.576294898987 -797.530475616455 0.506212711334229 0.377708196640015 -0.775296807289124 0.253514975309372 0.794097363948822 0.552394390106201 0.310504138469696 -0.0507203452289104 -0.508073329925537 -0.589679658412933 0.146239042282104 0.129069641232491
-222.123854637146 -614.36056137085 -797.359827041626 -0.281185358762741 0.615585327148438 -0.73619943857193 0.224329680204391 0.788060307502747 0.57326877117157 -0.363571137189865 0.0236028023064137 -0.0942787826061249 -0.12474712729454 0.529281675815582 -0.150897175073624
-221.752363204956 -614.058239936829 -797.290657043457 -0.760891258716583 0.536450028419495 -0.365055739879608 0.327963411808014 0.80338728427887 0.496999770402908 0.0213799923658371 0.282765537500381 -0.056360051035881 -0.567815959453583 0.297221660614014 -0.236679866909981
-221.563184738159 -613.47175693512 -797.220205307007 -0.990135788917542 0.118154063820839 0.075304888188839 0.137546837329865 0.717322647571564 0.683029413223267 -0.0391213893890381 -0.336325436830521 0.657913506031036 -0.33880427479744 -0.322692334651947 0.461312055587769
-221.629518508911 -612.98028755188 -797.078172683716 -0.826282143592834 -0.375052481889725 0.420230209827423 -0.0638768672943115 0.803654730319977 0.591657638549805 0.131084084510803 -0.876700878143311 -0.249890610575676 0.521676898002625 -0.129168942570686 -0.229831963777542
-221.90994644165 -612.52626991272 -797.015478134155 -0.21933388710022 -0.608677387237549 0.76249885559082 -0.0594539046287537 0.788415253162384 0.612263560295105 0.569752216339111 0.085250549018383 0.227694869041443 0.189082100987434 0.384250342845917 0.674116253852844
