t = 0
b =  10.0 10.0 10.0
E = 0. 0. 0.
0.4574468068805191 3.9388709077638753 3.8508098965261004 -0.14074003484059888 0.844760561949657 -0.516305951512828 0.3865777660459916 0.5269888725345626 0.7568621796758253 0.0 0.0 0.0 0.0 0.0 0.0
0.9127507565430006 4.207808428507696 3.945973048408913 -0.6484571945714288 0.7388658400115817 -0.18324993116651367 0.3865777660459916 0.5269888725345626 0.7568621796758253 0.0 0.0 0.0 0.0 0.0 0.0
1.2202388682991905 4.645170440730603 3.999364372716351 -0.9098146244584392 0.3522636322750283 0.21942580180542404 0.3865777660459916 0.5269888725345626 0.7568621796758253 0.0 0.0 0.0 0.0 0.0 0.0
1.3203347077827212 5.162830959014594 4.102773815449578 -0.8255182672243512 -0.16816941889666462 0.5387380040677132 0.3865777660459916 0.5269888725345626 0.7568621796758253 0.0 0.0 0.0 0.0 0.0 0.0
1.232253632277492 5.642157252969633 4.328988603161457 -0.4275937183423298 -0.6247120961867695 0.6533746313655846 0.3865777660459916 0.5269888725345626 0.7568621796758253 0.0 0.0 0.0 0.0 0.0 0.0
1.046702555221873 5.9790804049423025 4.704140158651581 0.13278083312367422 -0.843916203506261 0.5197833123663775 0.3865777660459916 0.5269888725345626 0.7568621796758253 0.0 0.0 0.0 0.0 0.0 0.0
0.8914188732547503 6.123632831771859 5.1977763365506275 0.642709726108851 -0.7425024355872303 0.18871762268563536 0.3865777660459916 0.5269888725345626 0.7568621796758253 0.0 0.0 0.0 0.0 0.0 0.0
0.8826408935770305 6.098931805046435 5.734430702478873 0.9084624486116897 -0.3589995784098972 -0.21404504704377203 0.3865777660459916 0.5269888725345626 0.7568621796758253 0.0 0.0 0.0 0.0 0.0 0.0
