t = 0
b = 89.760000 89.760000 89.760000
E = 0.000000 0.000000 0.000000
62.9813231215 75.5485376328 14.4212256398 -0.968871869226 -0.247562721391 0.0 -0.0 -0.0 -1.0 0.0 0.0 0.0 0.0 0.0 0.0
62.9669193574 75.2035249579 14.0314627847 -0.9448655957 0.327458403562 0.0 -0.0 -0.0 -1.0 0.0 0.0 0.0 0.0 0.0 0.0
62.7647373916 74.9235898457 13.6416999296 -0.607895652749 0.794016923856 0.0 -0.0 -0.0 -1.0 0.0 0.0 0.0 0.0 0.0 0.0
62.4417450662 74.8014539705 13.2519370744 -0.0695751103296 0.997576715858 0.0 -0.0 -0.0 -1.0 0.0 0.0 0.0 0.0 0.0 0.0
62.1049257063 74.8775718602 12.8621742193 0.491790489427 0.870713566283 0.0 -0.0 -0.0 -1.0 0.0 0.0 0.0 0.0 0.0 0.0
61.8658425051 75.1267313216 12.4724113642 0.890262491556 0.45544779737 0.0 -0.0 -0.0 -1.0 0.0 0.0 0.0 0.0 0.0 0.0
61.803685938 75.4664043636 12.082648509 0.993856769935 -0.11067393936 0.0 -0.0 -0.0 -1.0 0.0 0.0 0.0 0.0 0.0 0.0
61.9390438512 75.7840825808 11.6928856539 0.76826024804 -0.64013763464 0.0 -0.0 -0.0 -1.0 0.0 0.0 0.0 0.0 0.0 0.0
62.2270822391 75.9745428165 11.3031227988 0.288196268133 -0.957571360805 0.0 -0.0 -0.0 -1.0 0.0 0.0 0.0 0.0 0.0 0.0
62.5723954154 75.9746997658 10.9133599436 -0.287325692252 -0.957832942935 0.0 -0.0 -0.0 -1.0 0.0 0.0 0.0 0.0 0.0 0.0
62.8606068175 75.784501443 10.5235970885 -0.767678029173 -0.640835738333 0.0 -0.0 -0.0 -1.0 0.0 0.0 0.0 0.0 0.0 0.0
62.9962534523 75.4669464009 10.1338342334 -0.993755753874 -0.111577334806 0.0 -0.0 -0.0 -1.0 0.0 0.0 0.0 0.0 0.0 0.0
62.9344056824 75.1272169973 9.74407137826 -0.890676137405 0.454638337866 0.0 -0.0 -0.0 -1.0 0.0 0.0 0.0 0.0 0.0 0.0
62.6955490723 74.8778403061 9.35430852313 -0.492581787094 0.870266156427 0.0 -0.0 -0.0 -1.0 0.0 0.0 0.0 0.0 0.0 0.0
62.3587990447 74.8014162705 8.964545668 0.0686682588857 0.997639549247 0.0 -0.0 -0.0 -1.0 0.0 0.0 0.0 0.0 0.0 0.0
62.035695828 74.9232584869 8.57478281287 0.607173619937 0.794569188461 0.0 -0.0 -0.0 -1.0 0.0 0.0 0.0 0.0 0.0 0.0
61.8332594776 75.2030096949 8.18501995774 0.944567537268 0.328317175212 0.0 -0.0 -0.0 -1.0 0.0 0.0 0.0 0.0 0.0 0.0
70.7694081895 75.589140989 14.4212256398 -0.949013649188 -0.315234981648 0.0 -0.0 -0.0 -1.0 0.0 0.0 0.0 0.0 0.0 0.0
70.778352835 75.2402877643 14.0314627847 -0.96392139168 0.266187059531 0.0 -0.0 -0.0 -1.0 0.0 0.0 0.0 0.0 0.0 0.0
70.5916558515 74.9454610094 13.6416999296 -0.652759752462 0.757564984384 0.0 -0.0 -0.0 -1.0 0.0 0.0 0.0 0.0 0.0 0.0
70.2724719427 74.8043929 13.2519370744 -0.120786571217 0.992678499925 0.0 -0.0 -0.0 -1.0 0.0 0.0 0.0 0.0 0.0 0.0
69.9287726723 74.864803086 12.8621742193 0.452045546177 0.891994856589 0.0 -0.0 -0.0 -1.0 0.0 0.0 0.0 0.0 0.0 0.0
69.676822509 75.1062563823 12.4724113642 0.871962484991 0.489572696102 0.0 -0.0 -0.0 -1.0 0.0 0.0 0.0 0.0 0.0 0.0
69.6018495998 75.4470754574 12.082648509 0.996917333733 -0.0784590957288 0.0 -0.0 -0.0 -1.0 0.0 0.0 0.0 0.0 0.0 0.0
69.7292153178 75.7719701372 11.6928856539 0.784641137048 -0.619950228689 0.0 -0.0 -0.0 -1.0 0.0 0.0 0.0 0.0 0.0 0.0
70.0158351737 75.9710370537 11.3031227988 0.306941377166 -0.951728422914 0.0 -0.0 -0.0 -1.0 0.0 0.0 0.0 0.0 0.0 0.0
70.3647531709 75.9769370786 10.9133599436 -0.274588618186 -0.961561797683 0.0 -0.0 -0.0 -1.0 0.0 0.0 0.0 0.0 0.0 0.0
70.6579394819 75.7876743878 10.5235970885 -0.763232469784 -0.646123979642 0.0 -0.0 -0.0 -1.0 0.0 0.0 0.0 0.0 0.0 0.0
70.79621685 75.4672715967 10.1338342334 -0.993694750071 -0.112119327865 0.0 -0.0 -0.0 -1.0 0.0 0.0 0.0 0.0 0.0 0.0
70.7328096604 75.1241125849 9.74407137826 -0.888016100652 0.459812358449 0.0 -0.0 -0.0 -1.0 0.0 0.0 0.0 0.0 0.0 0.0
70.4891669059 74.8742790659 9.35430852313 -0.481944843094 0.876201556844 0.0 -0.0 -0.0 -1.0 0.0 0.0 0.0 0.0 0.0 0.0
70.1477065544 74.8022831811 8.964545668 0.0871557427498 0.996194698092 0.0 -0.0 -0.0 -1.0 0.0 0.0 0.0 0.0 0.0 0.0
69.823935707 74.9324792544 8.57478281287 0.626773821621 0.779201242639 0.0 -0.0 -0.0 -1.0 0.0 0.0 0.0 0.0 0.0 0.0
69.6273775687 75.2208253613 8.18501995774 0.954370718836 0.298624397911 0.0 -0.0 -0.0 -1.0 0.0 0.0 0.0 0.0 0.0 0.0
62.9667405224 75.5969903051 8.18501995774 -0.944567537268 -0.328317175212 0.0 0.0 0.0 1.0 0.0 0.0 0.0 0.0 0.0 0.0
62.764304172 75.8767415131 8.57478281287 -0.607173619937 -0.794569188461 0.0 0.0 0.0 1.0 0.0 0.0 0.0 0.0 0.0 0.0
62.4412009553 75.9985837295 8.964545668 -0.0686682588857 -0.997639549247 0.0 0.0 0.0 1.0 0.0 0.0 0.0 0.0 0.0 0.0
62.1044509277 75.9221596939 9.35430852313 0.492581787094 -0.870266156427 0.0 0.0 0.0 1.0 0.0 0.0 0.0 0.0 0.0 0.0
61.8655943176 75.6727830027 9.74407137826 0.890676137405 -0.454638337866 0.0 0.0 0.0 1.0 0.0 0.0 0.0 0.0 0.0 0.0
61.8037465477 75.3330535991 10.1338342334 0.993755753874 0.111577334806 0.0 0.0 0.0 1.0 0.0 0.0 0.0 0.0 0.0 0.0
61.9393931825 75.015498557 10.5235970885 0.767678029173 0.640835738333 0.0 0.0 0.0 1.0 0.0 0.0 0.0 0.0 0.0 0.0
62.2276045846 74.8253002342 10.9133599436 0.287325692252 0.957832942935 0.0 0.0 0.0 1.0 0.0 0.0 0.0 0.0 0.0 0.0
62.5729177609 74.8254571835 11.3031227988 -0.288196268133 0.957571360805 0.0 0.0 0.0 1.0 0.0 0.0 0.0 0.0 0.0 0.0
62.8609561488 75.0159174192 11.6928856539 -0.76826024804 0.64013763464 0.0 0.0 0.0 1.0 0.0 0.0 0.0 0.0 0.0 0.0
62.996314062 75.3335956364 12.082648509 -0.993856769935 0.11067393936 0.0 0.0 0.0 1.0 0.0 0.0 0.0 0.0 0.0 0.0
62.9341574949 75.6732686784 12.4724113642 -0.890262491556 -0.45544779737 0.0 0.0 0.0 1.0 0.0 0.0 0.0 0.0 0.0 0.0
62.6950742937 75.9224281398 12.8621742193 -0.491790489427 -0.870713566283 0.0 0.0 0.0 1.0 0.0 0.0 0.0 0.0 0.0 0.0
62.3582549338 75.9985460295 13.2519370744 0.0695751103296 -0.997576715858 0.0 0.0 0.0 1.0 0.0 0.0 0.0 0.0 0.0 0.0
62.0352626084 75.8764101543 13.6416999296 0.607895652749 -0.794016923856 0.0 0.0 0.0 1.0 0.0 0.0 0.0 0.0 0.0 0.0
61.8330806426 75.5964750421 14.0314627847 0.9448655957 -0.327458403562 0.0 0.0 0.0 1.0 0.0 0.0 0.0 0.0 0.0 0.0
61.8186768785 75.2514623672 14.4212256398 0.968871869226 0.247562721391 0.0 0.0 0.0 1.0 0.0 0.0 0.0 0.0 0.0 0.0
55.1694081895 75.589140989 14.4212256398 -0.949013649188 -0.315234981648 0.0 -0.0 -0.0 -1.0 0.0 0.0 0.0 0.0 0.0 0.0
55.178352835 75.2402877643 14.0314627847 -0.96392139168 0.266187059531 0.0 -0.0 -0.0 -1.0 0.0 0.0 0.0 0.0 0.0 0.0
54.9916558515 74.9454610094 13.6416999296 -0.652759752462 0.757564984384 0.0 -0.0 -0.0 -1.0 0.0 0.0 0.0 0.0 0.0 0.0
54.6724719427 74.8043929 13.2519370744 -0.120786571217 0.992678499925 0.0 -0.0 -0.0 -1.0 0.0 0.0 0.0 0.0 0.0 0.0
54.3287726723 74.864803086 12.8621742193 0.452045546177 0.891994856589 0.0 -0.0 -0.0 -1.0 0.0 0.0 0.0 0.0 0.0 0.0
54.076822509 75.1062563823 12.4724113642 0.871962484991 0.489572696102 0.0 -0.0 -0.0 -1.0 0.0 0.0 0.0 0.0 0.0 0.0
54.0018495998 75.4470754574 12.082648509 0.996917333733 -0.0784590957288 0.0 -0.0 -0.0 -1.0 0.0 0.0 0.0 0.0 0.0 0.0
54.1292153178 75.7719701372 11.6928856539 0.784641137048 -0.619950228689 0.0 -0.0 -0.0 -1.0 0.0 0.0 0.0 0.0 0.0 0.0
54.4158351737 75.9710370537 11.3031227988 0.306941377166 -0.951728422914 0.0 -0.0 -0.0 -1.0 0.0 0.0 0.0 0.0 0.0 0.0
54.7647531709 75.9769370786 10.9133599436 -0.274588618186 -0.961561797683 0.0 -0.0 -0.0 -1.0 0.0 0.0 0.0 0.0 0.0 0.0
55.0579394819 75.7876743878 10.5235970885 -0.763232469784 -0.646123979642 0.0 -0.0 -0.0 -1.0 0.0 0.0 0.0 0.0 0.0 0.0
55.19621685 75.4672715967 10.1338342334 -0.993694750071 -0.112119327865 0.0 -0.0 -0.0 -1.0 0.0 0.0 0.0 0.0 0.0 0.0
55.1328096604 75.1241125849 9.74407137826 -0.888016100652 0.459812358449 0.0 -0.0 -0.0 -1.0 0.0 0.0 0.0 0.0 0.0 0.0
54.8891669059 74.8742790659 9.35430852313 -0.481944843094 0.876201556844 0.0 -0.0 -0.0 -1.0 0.0 0.0 0.0 0.0 0.0 0.0
54.5477065544 74.8022831811 8.964545668 0.0871557427498 0.996194698092 0.0 -0.0 -0.0 -1.0 0.0 0.0 0.0 0.0 0.0 0.0
54.223935707 74.9324792544 8.57478281287 0.626773821621 0.779201242639 0.0 -0.0 -0.0 -1.0 0.0 0.0 0.0 0.0 0.0 0.0
54.0273775687 75.2208253613 8.18501995774 0.954370718836 0.298624397911 0.0 -0.0 -0.0 -1.0 0.0 0.0 0.0 0.0 0.0 0.0
70.7726224313 75.5791746387 8.18501995774 -0.954370718836 -0.298624397911 0.0 0.0 0.0 1.0 0.0 0.0 0.0 0.0 0.0 0.0
70.576064293 75.8675207456 8.57478281287 -0.626773821621 -0.779201242639 0.0 0.0 0.0 1.0 0.0 0.0 0.0 0.0 0.0 0.0
70.2522934456 75.9977168189 8.964545668 -0.0871557427498 -0.996194698092 0.0 0.0 0.0 1.0 0.0 0.0 0.0 0.0 0.0 0.0
69.9108330941 75.9257209341 9.35430852313 0.481944843094 -0.876201556844 0.0 0.0 0.0 1.0 0.0 0.0 0.0 0.0 0.0 0.0
69.6671903396 75.6758874151 9.74407137826 0.888016100652 -0.459812358449 0.0 0.0 0.0 1.0 0.0 0.0 0.0 0.0 0.0 0.0
69.60378315 75.3327284033 10.1338342334 0.993694750071 0.112119327865 0.0 0.0 0.0 1.0 0.0 0.0 0.0 0.0 0.0 0.0
69.7420605181 75.0123256122 10.5235970885 0.763232469784 0.646123979642 0.0 0.0 0.0 1.0 0.0 0.0 0.0 0.0 0.0 0.0
70.0352468291 74.8230629214 10.9133599436 0.274588618186 0.961561797683 0.0 0.0 0.0 1.0 0.0 0.0 0.0 0.0 0.0 0.0
70.3841648263 74.8289629463 11.3031227988 -0.306941377166 0.951728422914 0.0 0.0 0.0 1.0 0.0 0.0 0.0 0.0 0.0 0.0
70.6707846822 75.0280298628 11.6928856539 -0.784641137048 0.619950228689 0.0 0.0 0.0 1.0 0.0 0.0 0.0 0.0 0.0 0.0
70.7981504002 75.3529245426 12.082648509 -0.996917333733 0.0784590957288 0.0 0.0 0.0 1.0 0.0 0.0 0.0 0.0 0.0 0.0
70.723177491 75.6937436177 12.4724113642 -0.871962484991 -0.489572696102 0.0 0.0 0.0 1.0 0.0 0.0 0.0 0.0 0.0 0.0
70.4712273277 75.935196914 12.8621742193 -0.452045546177 -0.891994856589 0.0 0.0 0.0 1.0 0.0 0.0 0.0 0.0 0.0 0.0
70.1275280573 75.9956071 13.2519370744 0.120786571217 -0.992678499925 0.0 0.0 0.0 1.0 0.0 0.0 0.0 0.0 0.0 0.0
69.8083441485 75.8545389906 13.6416999296 0.652759752462 -0.757564984384 0.0 0.0 0.0 1.0 0.0 0.0 0.0 0.0 0.0 0.0
69.621647165 75.5597122357 14.0314627847 0.96392139168 -0.266187059531 0.0 0.0 0.0 1.0 0.0 0.0 0.0 0.0 0.0 0.0
69.6305918105 75.210859011 14.4212256398 0.949013649188 0.315234981648 0.0 0.0 0.0 1.0 0.0 0.0 0.0 0.0 0.0 0.0
55.1726224313 75.5791746387 8.18501995774 -0.954370718836 -0.298624397911 0.0 0.0 0.0 1.0 0.0 0.0 0.0 0.0 0.0 0.0
54.976064293 75.8675207456 8.57478281287 -0.626773821621 -0.779201242639 0.0 0.0 0.0 1.0 0.0 0.0 0.0 0.0 0.0 0.0
54.6522934456 75.9977168189 8.964545668 -0.0871557427498 -0.996194698092 0.0 0.0 0.0 1.0 0.0 0.0 0.0 0.0 0.0 0.0
54.3108330941 75.9257209341 9.35430852313 0.481944843094 -0.876201556844 0.0 0.0 0.0 1.0 0.0 0.0 0.0 0.0 0.0 0.0
54.0671903396 75.6758874151 9.74407137826 0.888016100652 -0.459812358449 0.0 0.0 0.0 1.0 0.0 0.0 0.0 0.0 0.0 0.0
54.00378315 75.3327284033 10.1338342334 0.993694750071 0.112119327865 0.0 0.0 0.0 1.0 0.0 0.0 0.0 0.0 0.0 0.0
54.1420605181 75.0123256122 10.5235970885 0.763232469784 0.646123979642 0.0 0.0 0.0 1.0 0.0 0.0 0.0 0.0 0.0 0.0
54.4352468291 74.8230629214 10.9133599436 0.274588618186 0.961561797683 0.0 0.0 0.0 1.0 0.0 0.0 0.0 0.0 0.0 0.0
54.7841648263 74.8289629463 11.3031227988 -0.306941377166 0.951728422914 0.0 0.0 0.0 1.0 0.0 0.0 0.0 0.0 0.0 0.0
55.0707846822 75.0280298628 11.6928856539 -0.784641137048 0.619950228689 0.0 0.0 0.0 1.0 0.0 0.0 0.0 0.0 0.0 0.0
55.1981504002 75.3529245426 12.082648509 -0.996917333733 0.0784590957288 0.0 0.0 0.0 1.0 0.0 0.0 0.0 0.0 0.0 0.0
55.123177491 75.6937436177 12.4724113642 -0.871962484991 -0.489572696102 0.0 0.0 0.0 1.0 0.0 0.0 0.0 0.0 0.0 0.0
54.8712273277 75.935196914 12.8621742193 -0.452045546177 -0.891994856589 0.0 0.0 0.0 1.0 0.0 0.0 0.0 0.0 0.0 0.0
54.5275280573 75.9956071 13.2519370744 0.120786571217 -0.992678499925 0.0 0.0 0.0 1.0 0.0 0.0 0.0 0.0 0.0 0.0
54.2083441485 75.8545389906 13.6416999296 0.652759752462 -0.757564984384 0.0 0.0 0.0 1.0 0.0 0.0 0.0 0.0 0.0 0.0
54.021647165 75.5597122357 14.0314627847 0.96392139168 -0.266187059531 0.0 0.0 0.0 1.0 0.0 0.0 0.0 0.0 0.0 0.0
54.0305918105 75.210859011 14.4212256398 0.949013649188 0.315234981648 0.0 0.0 0.0 1.0 0.0 0.0 0.0 0.0 0.0 0.0
