t = 0
b = 29 29 29
E = 0 0 0
-2.3532159328460693 -3.093437433242798 2.596191167831421 -0.44898390769958496 -0.21797657012939453 -0.8665472269058228 0.8923791624127329 -0.060203128617372356 -0.44722434042801007 0 0 0 0 0 0
-2.035020112991333 -3.460710287094116 2.4090397357940674 -0.39960622787475586 0.35504043102264404 -0.8451354503631592 0.8924304188266003 -0.06020412534972839 -0.44726043826355694 0 0 0 0 0 0
-1.796242594718933 -3.757418394088745 2.053929090499878 -0.2178683876991272 0.8104175329208374 -0.5438154935836792 0.8923868931052634 -0.060205838241513335 -0.44723764469643756 0 0 0 0 0 0
-1.6007639169692993 -3.8930716514587402 1.5907409191131592 0.036031901836395264 0.9974050521850586 -0.06237030029296875 0.8923881570522428 -0.06020438523361852 -0.4472275328131317 0 0 0 0 0 0
-1.3981257677078247 -3.830512285232544 1.115161418914795 0.2780058979988098 0.8540207147598267 0.4397439956665039 0.8923553775803414 -0.06020711244279562 -0.44721915208460084 0 0 0 0 0 0
-1.140236258506775 -3.5982248783111572 0.7269688248634338 0.4278890788555145 0.4277604818344116 0.796201080083847 0.8923315173237881 -0.06023716091239946 -0.4471883333387326 0 0 0 0 0 0
-0.7973162531852722 -3.280921459197998 0.4970148801803589 0.43605759739875793 -0.14019906520843506 0.8889366686344147 0.8923893011011148 -0.06019588973195531 -0.44724506939630504 0 0 0 0 0 0
-0.367730975151062 -2.9914867877960205 0.4437246322631836 0.29977962374687195 -0.6616902351379395 0.687229186296463 0.892386790242118 -0.06020741113736446 -0.44724240235541934 0 0 0 0 0 0
0.1214277595281601 -2.833570957183838 0.5270053148269653 0.06421342492103577 -0.9640288352966309 0.25790393352508545 0.8923697022484255 -0.060199764739395735 -0.447206920761326 0 0 0 0 0 0
0.6233501434326172 -2.8672218322753906 0.6615405678749084 -0.19263237714767456 -0.9470587968826294 -0.25685399770736694 0.8923623705957922 -0.06020667336571513 -0.44725262642726255 0 0 0 0 0 0
1.086988925933838 -3.089089870452881 0.7450345158576965 -0.3856673836708069 -0.6163805723190308 -0.6865277141332626 0.8923881781814785 -0.06021011842143569 -0.4472545832088654 0 0 0 0 0 0
1.4739876985549927 -3.4334511756896973 0.6920878291130066 -0.4509809613227844 -0.08156239986419678 -0.8888033032417297 0.8923552906673444 -0.060163303595801 -0.44726227046152567 0 0 0 0 0 0
1.7713496685028076 -3.7940242290496826 0.46250975131988525 -0.3668689727783203 0.48027992248535156 -0.7966117188334465 0.8924619348601472 -0.060198956146119066 -0.44730567584325465 0 0 0 0 0 0
1.9958174228668213 -4.0591607093811035 0.0746249333024025 -0.16128718852996826 0.8830428123474121 -0.4406942054629326 0.892312936745847 -0.060200515527387616 -0.44719961131710867 0 0 0 0 0 0
2.188217878341675 -4.148787498474121 -0.40090927481651306 0.0977182388305664 0.9933090209960938 0.061277151107788086 0.8925343667807253 -0.06021462979866124 -0.44723279309135133 0 0 0 0 0 0
2.400050640106201 -4.041015625 -0.8642367720603943 0.3243750333786011 0.7745873928070068 0.5429665744304657 0.8923867619305496 -0.060202210577872964 -0.44723952410851253 0 0 0 0 0 0
2.6763501167297363 -3.7793028354644775 -1.2196577787399292 0.44356226921081543 0.29927849769592285 0.8448167145252228 0.8923821738379415 -0.06020828423626767 -0.44720708134672993 0 0 0 0 0 0
2.162526845932007 4.648833751678467 -0.4596075415611267 -0.724065899848938 -0.4965829849243164 -0.478774756193161 0.5695086820725803 -0.8223097156534166 -0.008389755669585785 0 0 0 0 0 0
2.1809773445129395 4.184996604919434 -0.21832913160324097 -0.38504064083099365 -0.2575206756591797 -0.8864033222198486 0.5693348149980672 -0.8220616856721216 -0.008482776517140729 0 0 0 0 0 0
2.1212825775146484 3.668931484222412 -0.15688103437423706 0.08429408073425293 0.06860136985778809 -0.9943589568138123 0.5691193292621095 -0.8217892236856488 -0.0084501434148925 0 0 0 0 0 0
2.078671932220459 3.1667537689208984 -0.2972031235694885 0.5251419544219971 0.37151455879211426 -0.7656611502170563 0.5692218427496867 -0.8220837161148347 -0.008481294995158756 0 0 0 0 0 0
2.1426570415496826 2.7399837970733643 -0.5929568409919739 0.7882988452911377 0.5487853288650513 -0.27823925018310547 0.5693034165833957 -0.8218427007763086 -0.008029028637792942 0 0 0 0 0 0
2.3666391372680664 2.424597978591919 -0.9451820254325867 0.7848429679870605 0.5404090881347656 0.3033210337162018 0.5692909987400604 -0.8220452951824204 -0.008450745050734513 0 0 0 0 0 0
2.7499184608459473 2.2189042568206787 -1.2358434200286865 0.5158853530883789 0.3492194414138794 0.7822619378566742 0.5692805012900709 -0.8219893333112772 -0.008473909142746433 0 0 0 0 0 0
3.237900495529175 2.084106683731079 -1.3677356243133545 0.07238626480102539 0.03983497619628906 0.9966038167476654 0.5693677443093087 -0.8220224527485933 -0.008498020304918334 0 0 0 0 0 0
3.740591526031494 1.9573802947998047 -1.2973546981811523 -0.3955620527267456 -0.28293490409851074 0.8737899363040924 0.5693254158725072 -0.8220638545020559 -0.008454008632325807 0 0 0 0 0 0
4.163022994995117 1.7732245922088623 -1.049628734588623 -0.7297921180725098 -0.5100217461585999 0.45541390776634216 0.5692279892888331 -0.8220963889245015 -0.008495427466579176 0 0 0 0 0 0
4.437312126159668 1.4855538606643677 -0.709467887878418 -0.8170104026794434 -0.5645912885665894 -0.11703372001647949 0.5693223964874277 -0.8220967047452317 -0.00849056622332232 0 0 0 0 0 0
4.545772075653076 1.0833019018173218 -0.39298832416534424 -0.6279432773590088 -0.4281936585903168 -0.6500409543514252 0.5693194292444146 -0.8221035606368812 -0.00843143321659479 0 0 0 0 0 0
4.526795387268066 0.5941277146339417 -0.2084486484527588 -0.22650480270385742 -0.14693036675453186 -0.9631279110908508 0.5692206796087744 -0.8218730064208404 -0.008486012477221538 0 0 0 0 0 0
4.461824893951416 0.07513535767793655 -0.21937020123004913 0.25161266326904297 0.18394151702523232 -0.9500771388411522 0.5692877535421592 -0.8221643431921162 -0.00840999995575545 0 0 0 0 0 0
4.447945594787598 -0.4065110385417938 -0.4230337142944336 0.6445693969726562 0.45267097651958466 -0.6162148714065552 0.5691916683689466 -0.8218098154109642 -0.008318399069675988 0 0 0 0 0 0
4.564897537231445 -0.7962586283683777 -0.7519044876098633 0.8195185661315918 0.5679546296596527 -0.07354393601417542 0.5692684397154166 -0.822540746528752 -0.00869914842525675 0 0 0 0 0 0
4.848174571990967 -1.0706671476364136 -1.0957345962524414 0.7172298431396484 0.4912957549095154 0.4940897226333618 0.5695699450992172 -0.8226536123631781 -0.008796651026047432 0 0 0 0 0 0
3.208632707595825 -3.420151472091675 -0.20585782825946808 -0.4435598850250244 -0.29930591583251953 -0.8448931202292442 -0.8923049826023596 0.06012187959358944 0.4471522518191653 0 0 0 0 0 0
2.789294481277466 -3.1115152835845947 -0.21264314651489258 -0.324367880821228 -0.7745921611785889 -0.5430558323860168 -0.8922682762245303 0.06012696173529885 0.44719029271872474 0 0 0 0 0 0
2.305488109588623 -2.9568047523498535 -0.3273732662200928 -0.09772598743438721 -0.9933286905288696 -0.061277225613594055 -0.8925133987184197 0.06021807611208828 0.4472364768993441 0 0 0 0 0 0
1.8022725582122803 -2.9995059967041016 -0.45424216985702515 0.16128957271575928 -0.8830457925796509 0.4406929761171341 -0.8923957486911053 0.06020773370580719 0.4472508653667065 0 0 0 0 0 0
1.331099510192871 -3.2176852226257324 -0.493530809879303 0.36688029766082764 -0.4802834987640381 0.7967055216431618 -0.8923792180142915 0.060214329021300673 0.44723714354911986 0 0 0 0 0 0
0.9328426122665405 -3.531327962875366 -0.37448886036872864 0.4509347677230835 0.08156836032867432 0.888896556571126 -0.8923508317780653 0.060158725722762596 0.4471667299195673 0 0 0 0 0 0
0.6241996884346008 -3.8287672996520996 -0.0787871852517128 0.38565218448638916 0.6164175271987915 0.6864976696670055 -0.8924856465027174 0.060261250267410645 0.44726000085289525 0 0 0 0 0 0
0.39220184087753296 -4.003702640533447 0.3533170819282532 0.19261755049228668 0.9470844268798828 0.2568531781435013 -0.8923251076613189 0.06019124101712324 0.4472254939918273 0 0 0 0 0 0
0.19848278164863586 -3.9903934001922607 0.8364829421043396 -0.06421543657779694 0.9640407562255859 -0.2579030394554138 -0.8923617806690934 0.06020348190899095 0.4472301365719399 0 0 0 0 0 0
-0.008003951981663704 -3.78552508354187 1.2684016227722168 -0.29976173769682646 0.6617045402526855 -0.6872294843196869 -0.8923496374790469 0.060203207744564405 0.44719998323477367 0 0 0 0 0 0
-0.27405574917793274 -3.449148416519165 1.5637412071228027 -0.436050146818161 0.14019012451171875 -0.8889418840408325 -0.8923898981167665 0.0602064977806365 0.4472363263005841 0 0 0 0 0 0
-0.6267716884613037 -3.0849156379699707 1.6824160814285278 -0.4278893768787384 -0.4277688264846802 -0.7962071895599365 -0.8923929440511083 0.06020662648155563 0.44723402083471064 0 0 0 0 0 0
-1.0645248889923096 -2.8056938648223877 1.6428555250167847 -0.2779996395111084 -0.8540183305740356 -0.4397490620613098 -0.8923878932146223 0.06019761971259698 0.44724061719281055 0 0 0 0 0 0
-1.5575259923934937 -2.6961936950683594 1.5159014463424683 -0.036030709743499756 -0.997384786605835 0.06236553192138672 -0.8924014015199958 0.060203751742976784 0.44724143854556286 0 0 0 0 0 0
-2.057687520980835 -2.784909248352051 1.401344656944275 0.21786361932754517 -0.8104372024536133 0.543811023235321 -0.8923628430718961 0.0602006811854166 0.4472183534343925 0 0 0 0 0 0
-2.5145533084869385 -3.0346851348876953 1.3948622941970825 0.3996199369430542 -0.3550070524215698 0.8451482653617859 -0.8923939720928421 0.06022175995223892 0.44725592874118486 0 0 0 0 0 0
-2.891996383666992 -3.355024814605713 1.556342363357544 0.44898271560668945 0.21798133850097656 0.8665397763252258 -0.8923578196823311 0.06019787673007678 0.4472168895382041 0 0 0 0 0 0
-4.751504421234131 -1.0013359785079956 1.5069974660873413 -0.7497799396514893 0.19875958561897278 -0.6309756636619568 0.492706191077495 0.8037755956230261 -0.33228399440719153 0 0 0 0 0 0
-4.488104820251465 -0.855172872543335 1.0793101787567139 -0.8683621883392334 0.4774083197116852 -0.13420790433883667 0.49329934586517216 0.8037621998934048 -0.33261631200359615 0 0 0 0 0 0
-4.400955677032471 -0.6119760274887085 0.624229907989502 -0.6931889057159424 0.5945545434951782 0.4082925617694855 0.49312034867677623 0.8036968314800743 -0.333133788365291 0 0 0 0 0 0
-4.454502105712891 -0.2480761706829071 0.2520994544029236 -0.2834439277648926 0.5100076552480459 0.8124500513076782 0.4932305904252377 0.803769893349319 -0.33248269525905183 0 0 0 0 0 0
-4.565576553344727 0.21926911175251007 0.0448516346514225 0.22209763526916504 0.2533135190606117 0.9414241369813681 0.4931931744301514 0.8038992113809436 -0.3326615110814659 0 0 0 0 0 0
-4.631586074829102 0.7379938364028931 0.028684908524155617 0.652536153793335 -0.089091956615448 0.7524573197588325 0.49328076786249475 0.8038268209701221 -0.3326022940692829 0 0 0 0 0 0
-4.565151214599609 1.238629937171936 0.16527102887630463 0.8622729778289795 -0.4013580083847046 0.3087207302451134 0.49331338470334096 0.8039794931908752 -0.3326216317909033 0 0 0 0 0 0
-4.323707580566406 1.6578121185302734 0.364423543214798 0.7803142070770264 -0.5778712034225464 -0.23922085762023926 0.49309307973670813 0.803492520435029 -0.33252808716691373 0 0 0 0 0 0
-3.9238414764404297 1.9597022533416748 0.5151636004447937 0.4343700408935547 -0.5588823556900024 -0.7064682990312576 0.49329999636873156 0.8037861398920065 -0.33256573870407585 0 0 0 0 0 0
-3.4358527660369873 2.148162364959717 0.5224576592445374 -0.05848050117492676 -0.3508955240249634 -0.934671200811863 0.49320550082201353 0.8036816724290502 -0.33257813677852144 0 0 0 0 0 0
-2.9597387313842773 2.265390634536743 0.3400011360645294 -0.5315494537353516 -0.024123191833496094 -0.8465850673383102 0.49335104889397646 0.8039762582351098 -0.3326717714639203 0 0 0 0 0 0
-2.5915136337280273 2.377743721008301 -0.014221694320440292 -0.8248180150985718 0.3107571601867676 -0.4722811374813318 0.49329668806548693 0.8038226496694018 -0.3326119523586039 0 0 0 0 0 0
-2.390699863433838 2.553162097930908 -0.4643353223800659 -0.8390545845031738 0.5405300855636597 0.06176687777042389 0.4932913498264698 0.8037332438719968 -0.3325994651888781 0 0 0 0 0 0
-2.3602066040039062 2.838310718536377 -0.9018352031707764 -0.5694741010665894 0.5874043703079224 0.5749990046024323 0.4933067162125533 0.8042683957726258 -0.33305339710029325 0 0 0 0 0 0
-2.445277214050293 3.242661714553833 -1.222697377204895 -0.10725438594818115 0.43564796447753906 0.8937063813209534 0.4932757967120122 0.8037768260796418 -0.3326123117270359 0 0 0 0 0 0
-2.5521159172058105 3.7354378700256348 -1.36216139793396 0.3912550210952759 0.13648927211761475 0.910104513168335 0.493281157001058 0.803786534087004 -0.33260682051780704 0 0 0 0 0 0
-2.5795388221740723 4.255878925323486 -1.316913366317749 0.7573968172073364 -0.20883679389953613 0.6186437606811523 0.49328749413209805 0.8037622575724945 -0.332597301019235 0 0 0 0 0 0
5.708837509155273 -0.4807860851287842 -0.5030167102813721 -0.7171976566314697 -0.4917950928211212 -0.4938456416130066 -0.5694630254403511 0.821895345136516 0.008531916611968997 0 0 0 0 0 0
5.548317909240723 -0.11439957469701767 -0.8401447534561157 -0.8194899559020996 -0.5682187713682652 0.07353469729423523 -0.5690857028552173 0.8218244966703854 0.008378197826621189 0 0 0 0 0 0
5.221466541290283 0.1366836279630661 -1.1625065803527832 -0.6446051597595215 -0.4526736307889223 0.616433173418045 -0.5694225047244348 0.8221474294187473 0.008292508435031548 0 0 0 0 0 0
4.7637739181518555 0.2959034740924835 -1.3596808910369873 -0.2516210079193115 -0.18393944948911667 0.9505505859851837 -0.5690731945145757 0.8218821448535132 0.008401213573913015 0 0 0 0 0 0
4.255013465881348 0.4178098738193512 -1.3640068769454956 0.22648096084594727 0.14693520963191986 0.9629017114639282 -0.5689068173178947 0.8220370387603203 0.008370924993228933 0 0 0 0 0 0
3.792187452316284 0.5694683194160461 -1.1729029417037964 0.6280452013015747 0.4281991720199585 0.6498740613460541 -0.5692399190518523 0.822100151370317 0.008441320775594454 0 0 0 0 0 0
3.456854820251465 0.8080331087112427 -0.8498912453651428 0.8169847726821899 0.5646046996116638 0.1170167326927185 -0.5693615501201316 0.8221106040866636 0.008479179926911296 0 0 0 0 0 0
3.2873375415802 1.1611745357513428 -0.5031380653381348 0.7296895980834961 0.5100336670875549 -0.45541614294052124 -0.5693072668307075 0.8220806017399418 0.008500342570770801 0 0 0 0 0 0
3.26591157913208 1.6178548336029053 -0.24878239631652832 0.3955543041229248 0.282931923866272 -0.8738672733306885 -0.5692551707686793 0.8219420900176695 0.008447877748579422 0 0 0 0 0 0
3.3247828483581543 2.1319503784179688 -0.17180690169334412 -0.07240474224090576 -0.03989100456237793 -0.9966494888067245 -0.5692436773359443 0.8220079631517396 0.008453542008499647 0 0 0 0 0 0
3.3689658641815186 2.6379570960998535 -0.29713526368141174 -0.5158805847167969 -0.3492087125778198 -0.7822483032941818 -0.5693286472384275 0.8221214324363535 0.00845464081136349 0 0 0 0 0 0
3.3084356784820557 3.0730841159820557 -0.5812044143676758 -0.7848191261291504 -0.5403894186019897 -0.30332252383232117 -0.5692728960430542 0.8220110272829656 0.008473474541821848 0 0 0 0 0 0
3.088634967803955 3.3985366821289062 -0.9269642233848572 -0.7883411645889282 -0.548790693283081 0.27856290340423584 -0.5694155208100001 0.8222518516703669 0.008437838967022349 0 0 0 0 0 0
2.7088208198547363 3.6125941276550293 -1.215994119644165 -0.5251109600067139 -0.3715348243713379 0.7653209567070007 -0.5693915681629442 0.8221019506280097 0.008422284543042583 0 0 0 0 0 0
2.2224292755126953 3.7512474060058594 -1.3497507572174072 -0.08427798748016357 -0.06860852241516113 0.9937490522861481 -0.569472741014102 0.8223360437006066 0.008478241393201394 0 0 0 0 0 0
1.7186634540557861 3.8759748935699463 -1.281742811203003 0.3855624794960022 0.2575230598449707 0.8858965337276459 -0.5693558984182691 0.8228227577089808 0.008608722739254678 0 0 0 0 0 0
1.2935936450958252 4.052949905395508 -1.0338685512542725 0.7241529226303101 0.4965662956237793 0.47827690839767456 -0.5695982422394497 0.8220337019669979 0.008952975784418381 0 0 0 0 0 0
-1.6706593036651611 4.005260944366455 -0.5745551586151123 -0.757439136505127 0.20884156227111816 -0.6186367571353912 -0.49320098805189716 -0.8037789044838126 0.33251708051275264 0 0 0 0 0 0
-2.0826127529144287 3.8992116451263428 -0.27003997564315796 -0.3912621736526489 -0.1364654302597046 -0.9101136028766632 -0.49324852761616556 -0.8045486948887095 0.3326865722278119 0 0 0 0 0 0
-2.5739834308624268 3.765413761138916 -0.15020807087421417 0.10724902153015137 -0.43565869331359863 -0.8938127383589745 -0.49316392211803006 -0.8037031131016554 0.3325628369433985 0 0 0 0 0 0
-3.043581485748291 3.5432119369506836 -0.21180331707000732 0.5694574117660522 -0.5874335765838623 -0.5750811845064163 -0.4932106415307808 -0.8037055599499285 0.33258117527229886 0 0 0 0 0 0
-3.397590160369873 3.2017781734466553 -0.39013490080833435 0.8391118049621582 -0.5405139923095703 -0.06177067756652832 -0.4933222269651559 -0.8038613023525206 0.33261376287996725 0 0 0 0 0 0
-3.5812888145446777 2.7506418228149414 -0.5809763073921204 0.8247929811477661 -0.31073153018951416 0.47235801815986633 -0.4933288408075751 -0.803838118543829 0.33262125475954674 0 0 0 0 0 0
-3.597604274749756 2.2364420890808105 -0.6759402751922607 0.5315577983856201 0.02412259578704834 0.8464998751878738 -0.4933211401736308 -0.8038416019989447 0.33268693057646326 0 0 0 0 0 0
-3.506030559539795 1.7271357774734497 -0.5990597605705261 0.0584942102432251 0.3508418798446655 0.9345027059316635 -0.4933765363895463 -0.8037960856220903 0.33265286292580787 0 0 0 0 0 0
-3.4025800228118896 1.2890328168869019 -0.33256348967552185 -0.4343736171722412 0.5588832497596741 0.7064059562981129 -0.4931700485675683 -0.8036530608955296 0.3325682270665275 0 0 0 0 0 0
-3.387315511703491 0.96437668800354 0.07733988016843796 -0.7802677154541016 0.5778631567955017 0.23928774520754814 -0.4932935596297515 -0.8037855134573532 0.3325577551136596 0 0 0 0 0 0
-3.5304043292999268 0.7570000886917114 0.5359364151954651 -0.8622342348098755 0.40135160088539124 -0.30906662344932556 -0.493517230692799 -0.8042612830294277 0.3324069650462901 0 0 0 0 0 0
-3.848494291305542 0.6310750842094421 0.9317276477813721 -0.6526333093643188 0.08911028504371643 -0.7524801790714264 -0.4932731580480237 -0.8039751537887 0.33261213437428805 0 0 0 0 0 0
-4.299063682556152 0.5230955481529236 1.1748095750808716 -0.22209882736206055 -0.25295183062553406 -0.9415726363658905 -0.49265612673293585 -0.804037823953152 0.332211425247587 0 0 0 0 0 0
-4.794688701629639 0.36391493678092957 1.2267754077911377 0.28351426124572754 -0.5100252106785774 -0.812128484249115 -0.49325784461155353 -0.8037961747616995 0.33259599336243867 0 0 0 0 0 0
-5.232766151428223 0.10111548751592636 1.1139168739318848 0.6931972503662109 -0.5941149033606052 -0.40796875953674316 -0.4931402791413217 -0.8038509263909664 0.33271255881858086 0 0 0 0 0 0
-5.530142307281494 -0.28221771121025085 0.9182541966438293 0.8683347702026367 -0.47742024064064026 0.13420239090919495 -0.4932861189254752 -0.8037699448651828 0.33234466183416855 0 0 0 0 0 0
-5.651280879974365 -0.7625532150268555 0.7498298287391663 0.7498466968536377 -0.19908472895622253 0.630979984998703 -0.49327815411745385 -0.803763296859935 0.33260325427777837 0 0 0 0 0 0
