t = 107491
b = 17 17 17
E = -1.31332914733565 -1.45898104432485 0.145651896989209
2.12296724319458 -2.45815229415894 0.0801334381103516 -0.764253199100494 -0.641654670238495 -0.0647809356451035 0.311692953109741 -0.279563277959824 -0.908125579357147 -0.0709502995014191 -0.262338727712631 0.059718906879425 -0.857185959815979 0.129403948783875 0.0687335953116417
2.24288153648376 -2.86038136482239 -0.196548461914062 -0.922594428062439 0.151252046227455 -0.354883700609207 0.301677137613297 -0.290487766265869 -0.908079206943512 -0.209156900644302 0.0959681048989296 -0.575156450271606 -0.0780414119362831 -0.11747033894062 -0.163255289196968
2.19217467308044 -3.11868476867676 -0.600927352905273 -0.505785286426544 0.822719693183899 -0.259448170661926 0.244745254516602 -0.151543110609055 -0.957671344280243 -0.0316759794950485 0.281599938869476 0.328390002250671 -0.376610338687897 0.0540666505694389 -0.103543445467949
2.10185551643372 -3.28407669067383 -1.09139060974121 -0.130831584334373 0.991404473781586 -0.000596616009715945 -0.00727912643924356 -0.00156236859038472 -0.999972343444824 -0.0990116521716118 0.504302680492401 -0.171675205230713 0.133006289601326 -0.0890852063894272 0.00627818144857883
1.86974120140076 -3.19548344612122 -1.63106346130371 0.36819064617157 0.902001559734344 0.225452750921249 -0.107348948717117 0.282108187675476 -0.953357875347137 -0.482966184616089 -0.638326406478882 -0.433361440896988 0.142387479543686 0.273706793785095 -0.0105660343542695
1.59119391441345 -2.9427330493927 -1.97739791870117 0.834312796592712 0.525879502296448 0.165447756648064 0.00262518227100372 0.296316295862198 -0.955086231231689 0.254171699285507 0.523175358772278 -0.158805280923843 0.152380228042603 -0.191827490925789 -0.179331049323082
1.53426444530487 -2.5754759311676 -2.2545804977417 0.999292373657227 -0.0104156518355012 0.0361442975699902 0.0370795987546444 0.434329092502594 -0.899990856647491 0.108805194497108 -0.117710836231709 0.0169185902923346 -0.1658626049757 0.343354970216751 -0.0762168690562248
1.67830860614777 -2.12671780586243 -2.46177196502686 0.709341943264008 -0.651401817798615 -0.269276201725006 0.140204235911369 0.504784822463989 -0.851783394813538 -0.433455586433411 -0.42280587553978 -0.826767683029175 0.343931049108505 -0.013884506188333 -0.108928941190243
1.99007570743561 -1.82351756095886 -2.76702785491943 0.0916765630245209 -0.910756886005402 -0.402638137340546 0.0777759999036789 0.409654647111893 -0.908919155597687 0.0648749694228172 0.000115122209535912 0.183638498187065 -0.497523456811905 0.471142798662186 0.330598652362823
2.31924962997437 -1.68783187866211 -3.09218883514404 -0.424707472324371 -0.803776800632477 -0.416612952947617 0.37666991353035 0.26157557964325 -0.888649463653564 0.232233256101608 -0.417657792568207 -0.541827082633972 -0.80351585149765 0.499312043190002 0.352524548768997
2.68604636192322 -1.79487586021423 -3.53522109985352 -0.719822824001312 -0.579347431659698 -0.382376253604889 0.38770717382431 0.121375143527985 -0.913756608963013 -0.0486333705484867 -0.136237949132919 -0.407197624444962 0.163477540016174 0.500528693199158 -0.422341346740723
2.88405323028564 -2.01479601860046 -3.98394298553467 -0.964836418628693 0.0771336257457733 -0.251278728246689 0.258167058229446 0.0984213277697563 -0.961073875427246 0.0586279593408108 -0.00229413853958249 -0.277413696050644 0.0781306251883507 0.121442943811417 -0.126374572515488
2.79996204376221 -2.23827886581421 -4.47455883026123 -0.665714383125305 0.740160226821899 0.0948015004396439 -0.00806466490030289 0.119900703430176 -0.992753148078918 -0.245607763528824 0.210426643490791 -0.415548294782639 -0.160556122660637 -0.117341756820679 -0.280410557985306
2.54928755760193 -2.2450635433197 -5.06426906585693 -0.227523893117905 0.853822886943817 0.468208819627762 -0.102654606103897 0.457109391689301 -0.88346654176712 -0.262413024902344 -0.239287003874779 0.308869361877441 -0.0251711662858725 0.482410579919815 -0.316751688718796
2.17961883544922 -2.00976228713989 -5.32897186279297 0.554957509040833 0.790808498859406 0.258155584335327 -0.143167361617088 0.396491587162018 -0.906806290149689 0.0542813651263714 0.0345070213079453 -0.0663645714521408 0.0291641429066658 0.257307112216949 0.160377383232117
1.92436623573303 -1.64285063743591 -5.61957359313965 0.893777549266815 0.385167181491852 0.229800090193748 -0.0787956342101097 0.639238834381104 -0.764960825443268 -0.254264861345291 -0.00424858555197716 -0.255118399858475 -0.209281340241432 -0.178260073065758 -0.122512482106686
1.83998954296112 -1.21064579486847 -5.87720489501953 0.984808504581451 -0.126630127429962 -0.118815094232559 -0.0434563457965851 0.482740879058838 -0.874684453010559 0.191403061151505 0.672689437866211 0.038553562015295 -0.105992592871189 -0.185098305344582 -0.0538726635277271
1.9302031993866 -0.767535984516144 -6.13157653808594 0.870369553565979 -0.419393390417099 -0.25800433754921 0.114620238542557 0.682144701480865 -0.722177863121033 0.388816595077515 -0.127135798335075 0.332893997430801 0.249833881855011 0.316960632801056 -0.0804566964507103
2.11791157722473 -0.32054740190506 -6.38676071166992 0.514364182949066 -0.772838950157166 -0.371684640645981 -0.0115315318107605 0.427142828702927 -0.904110670089722 0.12456126511097 0.137311995029449 -0.301026999950409 -0.163298904895782 -0.233322322368622 -0.342031240463257
2.550945520401 -0.104985758662224 -6.74008464813232 -0.113165408372879 -0.904013633728027 -0.412253439426422 -0.0329427868127823 0.418104559183121 -0.907801389694214 -0.121342189610004 0.201790794730186 0.05484239757061 -0.452110826969147 0.250643312931061 -0.244583144783974
2.37661457061768 1.03918170928955 -6.85068416595459 -0.932235479354858 0.165969491004944 0.321545124053955 0.361146330833435 0.48223340511322 0.798138022422791 0.152523651719093 -0.0325872600078583 0.259602040052414 0.585816204547882 0.529713451862335 0.0625284984707832
2.43154239654541 1.48206460475922 -6.54721164703369 -0.916075348854065 -0.326631635427475 0.232632249593735 0.032260425388813 0.518212497234344 0.854643225669861 -0.200360983610153 -0.566309630870819 -0.156058192253113 0.281997203826904 0.238963216543198 0.226648032665253
2.25991988182068 1.96202111244202 -6.17102146148682 -0.497147142887115 -0.769556164741516 0.400784194469452 -0.0579897835850716 0.490347146987915 0.869595766067505 0.588911831378937 0.292809635400772 -0.207134768366814 -0.20654521882534 0.108635902404785 -0.0626709014177322
1.96012496948242 2.17635941505432 -5.86376476287842 0.252304941415787 -0.852389812469482 0.45801055431366 -0.0376153998076916 0.46432626247406 0.884865045547485 0.0600176192820072 -0.486622035503387 -0.21517413854599 0.353690624237061 -0.028165690600872 -0.498038828372955
1.54718661308289 2.15384197235107 -5.4749755859375 0.818781733512878 -0.473425805568695 0.324753046035767 -0.00483986735343933 0.559956192970276 0.828508019447327 -0.263166397809982 0.052033044397831 0.043470811098814 0.0774508491158485 -0.178669586777687 0.540286660194397
1.50161254405975 2.24818706512451 -4.87809562683105 0.961648464202881 -0.140750154852867 -0.235418140888214 0.268141746520996 0.663057327270508 0.698895514011383 -0.110710218548775 -0.206039130687714 -0.313800245523453 -0.369141966104507 -0.0956165343523026 -0.242364525794983
1.72357296943665 2.25867319107056 -4.42914295196533 0.809768676757812 0.152416571974754 -0.566607356071472 0.397621214389801 0.567577481269836 0.720939099788666 0.223436489701271 0.34015879034996 0.133544117212296 -0.261677622795105 0.15834067761898 -0.0255836993455887
2.09745717048645 2.27916979789734 -4.00576305389404 0.455551773309708 0.564287900924683 -0.688514113426208 0.336274266242981 0.607044398784637 0.720011591911316 -0.389168053865433 0.391135573387146 0.256928294897079 -0.0955586135387421 0.247090995311737 -0.514795660972595
2.58725070953369 2.42372536659241 -3.74013900756836 -0.230542302131653 0.76291686296463 -0.603993475437164 0.491736263036728 0.626967191696167 0.604241371154785 -0.158152312040329 0.215619504451752 -0.294759124517441 0.211521133780479 0.315481781959534 -0.380523562431335
3.02040028572083 2.82644867897034 -3.65349102020264 -0.818002462387085 0.525631546974182 -0.233630836009979 0.300925493240356 0.737200260162354 0.604962468147278 -0.222694098949432 0.15130153298378 0.226574584841728 0.103043273091316 -0.412364721298218 -0.182081311941147
3.17887544631958 3.40659666061401 -3.63181114196777 -0.983531892299652 0.163253054022789 0.0775455757975578 0.152005195617676 0.515075981616974 0.843558549880981 0.437840431928635 0.151979461312294 -0.034445483237505 0.294549316167831 -0.101600095629692 0.142387092113495
3.17541742324829 3.87750840187073 -3.49429988861084 -0.745161235332489 -0.421305894851685 0.516948938369751 0.26153165102005 0.52845698595047 0.807672262191772 0.112180776894093 0.291509836912155 0.292668044567108 0.543419361114502 0.848434031009674 -0.0822779014706612
2.90892553329468 4.17879295349121 -3.31448364257812 -0.155957445502281 -0.581789076328278 0.798247337341309 0.0432113148272038 0.803343772888184 0.593945860862732 -0.0806639641523361 -0.21461845934391 -0.273396790027618 -0.0577136799693108 0.224439308047295 -0.214834421873093
2.49558186531067 4.51650667190552 -3.10531330108643 0.138912409543991 -0.5990309715271 0.788584351539612 -0.349407821893692 0.715445399284363 0.605022311210632 -0.45903280377388 0.149755731225014 -0.253166347742081 0.610808432102203 -0.585040152072906 -0.061343964189291
2.18905401229858 4.67764139175415 -2.76234340667725 0.513075590133667 -0.473287880420685 0.716067016124725 -0.528785407543182 0.482850253582001 0.698026895523071 -0.15170955657959 0.0362126901745796 -0.244113475084305 0.0915949791669846 0.00689359940588474 0.565542459487915
1.87924063205719 4.68104314804077 -2.37571620941162 0.885728895664215 0.0536855533719063 0.461088120937347 -0.439630687236786 0.415898948907852 0.796086072921753 -0.047771792858839 0.00754027673974633 0.252456933259964 -0.11603794246912 0.587652444839478 -0.231824949383736
1.69510722160339 4.67163753509521 -1.80809020996094 0.882335245609283 0.467407286167145 0.0549087524414062 -0.307123124599457 0.483466863632202 0.819716572761536 -0.20852980017662 -0.162693977355957 -0.276663571596146 0.231186464428902 -0.245569974184036 -0.632702767848969
1.70223104953766 4.66679763793945 -1.31798076629639 0.421987533569336 0.830724000930786 -0.363076120615005 -0.458450078964233 0.541033804416656 0.705057501792908 0.432181805372238 0.0669732764363289 0.732241570949554 0.19559870660305 -0.0137302335351706 0.232392132282257
1.81379759311676 4.96044540405273 -0.883367538452148 -0.0446330010890961 0.800920486450195 -0.597105026245117 -0.292815029621124 0.560961127281189 0.774326860904694 -0.163846015930176 -0.843979358673096 -0.0454881824553013 0.0340793617069721 0.00627607433125377 0.608163774013519
1.99064588546753 5.32417106628418 -0.581253051757812 -0.590713500976562 0.478873699903488 -0.649413168430328 -0.240733787417412 0.663591682910919 0.708303093910217 0.275029182434082 0.188485488295555 -0.0160045847296715 -0.302448242902756 0.608558714389801 -0.140519440174103
1.2949743270874 5.60279560089111 0.389186859130859 -0.962799370288849 0.00458740489557385 -0.270178765058517 -0.212050244212151 -0.6325643658638 0.744914174079895 -0.0142490277066827 -0.365922480821609 -0.183667615056038 0.131428971886635 0.129763081669807 0.212518498301506
0.981906414031982 5.48707866668701 0.859354019165039 -0.539749443531036 -0.463749140501022 -0.702571928501129 -0.134866118431091 -0.77616548538208 0.615936934947968 -0.870559871196747 0.414007425308228 0.46208456158638 0.0838928073644638 0.48557049036026 0.216681569814682
0.617115318775177 5.18180513381958 1.17510795593262 0.0361745357513428 -0.394754201173782 -0.918074369430542 -0.139464974403381 -0.911679744720459 0.386509418487549 -0.27176633477211 0.222557082772255 -0.148361429572105 -0.0271914899349213 -0.265474855899811 0.0440360046923161
0.326336234807968 4.76096534729004 1.24641990661621 0.621123313903809 -0.281449556350708 -0.731431424617767 -0.0680900439620018 -0.949140667915344 0.307401299476624 -0.425742626190186 0.288372248411179 -0.28381758928299 0.0483791530132294 0.330418676137924 0.164707973599434
0.0646626204252243 4.31277418136597 1.10029220581055 0.928682506084442 -0.154143437743187 -0.337325572967529 -0.147666022181511 -0.988015472888947 0.0449455045163631 -0.296479851007462 -0.442438542842865 0.0151835763826966 -0.287806898355484 0.108231045305729 0.375002264976501
0.0725702717900276 3.86829710006714 0.898931503295898 0.924576222896576 -0.0761633440852165 0.37330687046051 -0.102939113974571 -0.993312180042267 0.0522923246026039 0.145389333367348 -0.0925727486610413 -0.0769124105572701 -0.593338429927826 0.422298192977905 -0.0627214536070824
0.255127400159836 3.40607118606567 0.650674819946289 0.575690984725952 0.0349394977092743 0.816920518875122 0.0686022341251373 -0.997627973556519 -0.00567626953125 -0.398491263389587 -0.278622567653656 -0.613313317298889 -0.251785397529602 -0.3013014793396 0.295027405023575
0.456696212291718 2.9352765083313 0.509513854980469 0.254969090223312 0.152105897665024 0.954910755157471 0.278091579675674 -0.957362532615662 0.0782437026500702 0.441984802484512 0.242990806698799 0.045453418046236 -0.408765107393265 0.21175990998745 0.0189599469304085
0.905727863311768 2.59583282470703 0.580966949462891 -0.423031508922577 0.0126329064369202 0.906027019023895 0.232671558856964 -0.964861750602722 0.122089564800262 0.1032390370965 -0.0427616089582443 -0.111573241651058 -0.0785277336835861 0.336024433374405 0.66769403219223
1.31987309455872 2.34827923774719 0.895719528198242 -0.890924692153931 -0.164067074656487 0.423479735851288 0.213417857885361 -0.974340498447418 0.0715077146887779 -0.0112870838493109 -0.0316888019442558 0.220286250114441 -0.387485831975937 0.53789883852005 -0.566443622112274
1.38921403884888 1.94962441921234 1.18382835388184 -0.936462044715881 -0.21413628757 -0.277821242809296 0.230038598179817 -0.972845911979675 -0.0255588926374912 -0.481409519910812 -0.150409772992134 -0.00249218475073576 0.300396680831909 0.0994859263300896 -0.104580894112587
1.40197026729584 1.39424955844879 1.25004005432129 -0.85658073425293 0.0984152406454086 -0.506541192531586 -0.0450712442398071 -0.992161750793457 -0.116548627614975 -0.724020481109619 0.461807459592819 -0.366819202899933 -0.101872943341732 0.0406575426459312 0.00160725554451346
1.16560006141663 1.00401544570923 1.42782402038574 -0.333952784538269 0.106640040874481 -0.936537981033325 0.189693063497543 -0.965648114681244 -0.177595853805542 -0.0199588760733604 -0.281374126672745 -0.260428875684738 -0.0533461198210716 0.287613481283188 0.394464641809464
0.926407277584076 0.547242045402527 1.30597305297852 0.171731472015381 0.295951545238495 -0.939638733863831 0.0126163065433502 -0.954391241073608 -0.29829216003418 0.069469727575779 0.176108255982399 -0.156788378953934 -0.350262433290482 0.410113394260406 -0.180700048804283
0.557559490203857 0.215944021940231 1.09221839904785 0.817484200000763 0.0699900388717651 -0.571682691574097 -0.0471861958503723 -0.981113433837891 -0.187590301036835 -0.270947217941284 -0.230702862143517 -0.0334084182977676 0.0382839702069759 -0.560088872909546 -0.109200842678547
0.465849727392197 -0.180542394518852 0.626773834228516 0.980385720729828 0.189696878194809 0.0534692779183388 0.19454750418663 -0.974875152111053 -0.108489111065865 0.121608965098858 0.0406957305967808 -0.362907588481903 0.420372903347015 0.382570505142212 0.277536511421204
0.726684093475342 -0.555645644664764 0.301336288452148 0.692050158977509 0.241690501570702 0.680185496807098 0.389288246631622 -0.918473839759827 -0.0697171688079834 -0.129777356982231 -0.0245906077325344 0.556800305843353 -0.204187914729118 -0.116951934993267 -0.254451483488083
1.17151093482971 -0.772172451019287 0.147504806518555 0.204311937093735 0.0218228679150343 0.978662490844727 0.428470999002457 -0.900889277458191 -0.0693617984652519 -0.00986520014703274 -0.0074284253641963 -0.132787883281708 0.24641726911068 0.511079370975494 0.0152011485770345
1.72536253929138 -0.850676357746124 0.173135757446289 -0.301019787788391 -0.331986755132675 0.893964052200317 0.677343547344208 -0.734312415122986 -0.0446194671094418 -0.58256471157074 0.311082571744919 -0.257799983024597 0.0719065517187119 0.157749146223068 -0.143014147877693
2.18516063690186 -1.1852046251297 0.29890251159668 -0.723337650299072 -0.350785046815872 0.594754159450531 0.572523653507233 -0.786202073097229 0.232600271701813 0.112786181271076 -0.0555981732904911 0.289056688547134 0.22937023639679 -0.146660894155502 -0.139312788844109
1.27483558654785 5.90083026885986 -1.43443775177002 0.518972098827362 -0.481346130371094 0.706380784511566 0.519053757190704 -0.479122579097748 -0.707830965518951 -0.348846077919006 -0.0893688946962357 -0.505365073680878 0.196237474679947 0.170197457075119 -0.394133865833282
1.73752784729004 5.87881231307983 -1.6545991897583 -0.00885623507201672 -0.784051895141602 0.620631992816925 0.693070530891418 -0.452208995819092 -0.561391294002533 -0.146471723914146 -0.0680896416306496 -0.677383840084076 -0.281523704528809 -0.0438020452857018 -0.184067919850349
2.23658180236816 5.67620229721069 -1.71898460388184 -0.5516197681427 -0.798300743103027 0.241725876927376 0.597186982631683 -0.580316781997681 -0.553714752197266 -0.268361300230026 0.129475846886635 -0.210300415754318 -0.374572902917862 0.000928249850403517 -0.646199345588684
2.73104095458984 5.27054452896118 -1.84567165374756 -0.854584336280823 -0.519263386726379 0.00715606007725 0.420563161373138 -0.700099527835846 -0.577050507068634 -0.342648088932037 -0.0628124475479126 0.245602294802666 -0.028910219669342 0.36091011762619 0.0660117268562317
2.89570999145508 4.77115249633789 -1.8324499130249 -0.839051723480225 -0.0971533805131912 -0.535306930541992 0.368912369012833 -0.824770450592041 -0.428552776575089 0.0506422519683838 0.344269663095474 0.182398125529289 -0.117672443389893 -0.45279186964035 -0.233837753534317
2.89981460571289 4.13627529144287 -1.98721218109131 -0.7153200507164 0.391148924827576 -0.579068064689636 0.213262766599655 -0.666935563087463 -0.71394407749176 0.192710101604462 -0.159482344985008 -0.0428088046610355 -0.632533669471741 -0.125828340649605 0.0875356793403625
2.67763710021973 3.73863339424133 -2.17508983612061 -0.1505346596241 0.657521307468414 -0.738244652748108 -0.109139502048492 -0.753242671489716 -0.648624837398529 -0.485081046819687 -0.406443923711777 -0.199782356619835 0.195676758885384 0.277782618999481 -0.122627563774586
2.51082229614258 3.41170620918274 -2.55429553985596 0.174581289291382 0.848179936408997 -0.500112056732178 -0.242127954959869 -0.455335736274719 -0.856763362884521 0.120790302753448 -0.0377911254763603 -0.0925373733043671 0.336530119180679 0.214743539690971 0.211138874292374
2.19300270080566 3.32781839370728 -2.91810607910156 0.80731326341629 0.449575483798981 -0.382265985012054 -0.171879068017006 -0.440552651882172 -0.881119191646576 -0.218078568577766 -0.0939013138413429 -0.0921877771615982 0.107858195900917 0.171096712350845 -0.264649331569672
1.98906707763672 3.45387268066406 -3.41801166534424 0.997556388378143 -0.0359476394951344 -0.0599086917936802 -0.0689535513520241 -0.368416130542755 -0.927100300788879 -0.175605788826942 -0.0831110626459122 -0.146259695291519 0.374375909566879 -0.0856071710586548 0.267435193061829
2.1545467376709 3.52397131919861 -3.96321105957031 0.674903571605682 -0.711444079875946 0.195838391780853 -0.130041897296906 -0.375917345285416 -0.917483150959015 -0.559806823730469 -0.2876236140728 0.621640741825104 0.0105422241613269 -0.401090145111084 0.113314561545849
2.36958694458008 3.33001303672791 -4.49821949005127 0.124814361333847 -0.774884700775146 0.619657158851624 -0.0426524579524994 -0.628154158592224 -0.776919007301331 -0.156492054462433 0.0169973038136959 -0.397981494665146 -0.191252842545509 0.336085468530655 -0.114022001624107
2.60659599304199 2.94811511039734 -4.86105346679688 -0.320676654577255 -0.53237509727478 0.783417582511902 -0.0967245995998383 -0.804368317127228 -0.586204707622528 0.0633101239800453 0.175063714385033 0.0672725588083267 -0.340610504150391 -0.42109352350235 0.115148715674877
2.77383613586426 2.47030663490295 -5.04453754425049 -0.805505871772766 -0.151426866650581 0.572913646697998 -0.265642523765564 -0.771947145462036 -0.577521860599518 0.42758721113205 -0.166418924927711 0.0925628915429115 0.51094251871109 0.356142550706863 -0.00418121134862304
2.65521430969238 1.93744945526123 -5.07293701171875 -0.921321511268616 0.37911468744278 0.0862490609288216 -0.354453951120377 -0.727839708328247 -0.587036490440369 0.382956832647324 -0.282325744628906 -0.490673542022705 -0.352583289146423 0.590552926063538 -0.173993915319443
2.41590309143066 1.52596080303192 -5.0246639251709 -0.684828519821167 0.564606726169586 -0.460683226585388 -0.28151547908783 -0.788101255893707 -0.547398805618286 0.52660197019577 -0.000743533717468381 -0.163897663354874 0.264439225196838 -0.00376103422604501 -0.539659321308136
2.16708755493164 1.13318729400635 -5.31790161132812 -0.127837896347046 0.889939069747925 -0.437796533107758 -0.349746108055115 -0.453512221574783 -0.819758653640747 -0.429823726415634 0.00517295207828283 0.050906777381897 0.600960969924927 -0.235126137733459 0.248997300863266
1.7484016418457 1.03620541095734 -5.65047454833984 0.462688535451889 0.740356802940369 -0.487638294696808 -0.39823591709137 -0.317858994007111 -0.86044979095459 -0.331113070249557 0.252473205327988 0.000204683703486808 -0.33878231048584 -0.38563135266304 -0.352303951978683
1.42889022827148 1.11504030227661 -6.05789852142334 0.827695846557617 0.28733366727829 -0.482036262750626 -0.43276771903038 -0.220015898346901 -0.874245405197144 -0.0471976101398468 -0.0959393233060837 -0.0840367674827576 -0.186049312353134 0.370763659477234 -0.0125212306156754
1.24698829650879 1.29929077625275 -6.51513957977295 0.919796764850616 -0.316666454076767 -0.231724426150322 -0.308887481689453 -0.220120191574097 -0.925275921821594 0.140231296420097 0.419859051704407 0.197313502430916 -0.193447917699814 -0.255885154008865 0.393646985292435
0.739986419677734 0.188822731375694 -7.10537338256836 0.0547580793499947 -0.962633013725281 -0.265216112136841 -0.980931758880615 -0.101468399167061 0.165762737393379 -0.0182227492332458 0.541611135005951 -0.607820630073547 0.247313126921654 0.120065852999687 0.159527793526649
0.239957809448242 0.0930798947811127 -7.28017902374268 0.254071652889252 -0.884397625923157 0.391520917415619 -0.963259875774384 -0.194946229457855 0.18473356962204 -0.0153782637789845 -0.187325030565262 -0.0753385648131371 -0.905523598194122 -0.30546098947525 0.10494439303875
-0.228485107421875 -0.182854995131493 -7.37454319000244 0.533521294593811 -0.416525542736053 0.736112475395203 -0.845746457576752 -0.27121838927269 0.459514498710632 -0.124008245766163 0.417717725038528 -0.25403955578804 -0.0615408308804035 -0.337528258562088 -0.244759783148766
-0.516000747680664 -0.605330944061279 -7.24897766113281 0.469488531351089 0.30780753493309 0.827547550201416 -0.813288331031799 -0.214106887578964 0.541036248207092 0.0901905298233032 -0.0398998595774174 -0.152665540575981 0.295325487852097 0.101481668651104 -0.231259927153587
-0.713687896728516 -1.00387763977051 -6.94656085968018 0.250319004058838 0.731037139892578 0.634763836860657 -0.824212968349457 -0.183075070381165 0.535869956016541 -0.385065019130707 -0.0925666689872742 -0.174690738320351 -0.233192771673203 -0.448431432247162 0.0142327519133687
-0.910411834716797 -1.21688687801361 -6.49120044708252 -0.106041669845581 0.985077917575836 0.135560363531113 -0.797133088111877 -0.165711015462875 0.580619215965271 0.34836944937706 -0.28604730963707 -0.353935748338699 0.119646437466145 -0.134114697575569 -0.247773244976997
-1.07060050964355 -1.18494749069214 -5.96981906890869 -0.358037263154984 0.862266421318054 -0.358198672533035 -0.716685116291046 -0.00789699051529169 0.697352290153503 0.114678382873535 0.591554522514343 0.159634664654732 -0.108830280601978 0.166369751095772 0.427047342061996
-1.22092342376709 -0.978277146816254 -5.5539493560791 -0.622931063175201 0.443245589733124 -0.644585430622101 -0.670748054981232 0.121385619044304 0.731684863567352 0.187914609909058 0.00298153492622077 0.179614320397377 0.372350126504898 -0.0194120481610298 0.22729666531086
-1.50115776062012 -0.635755121707916 -5.2423267364502 -0.667176187038422 -0.0598305091261864 -0.742493271827698 -0.738497138023376 0.183537468314171 0.64879584312439 -0.0647318884730339 0.300413221120834 -0.211149886250496 0.227729722857475 0.472941637039185 0.0529807880520821
-1.94861698150635 -0.222093388438225 -5.13491725921631 -0.431862354278564 -0.654922783374786 -0.620137929916382 -0.874963521957397 0.137308612465858 0.46431165933609 0.443548768758774 -0.135328024625778 0.407882213592529 -0.212752223014832 0.614378273487091 -0.27007207274437
-2.40756607055664 -0.0207402501255274 -5.14662837982178 -0.111480012536049 -0.993765473365784 -0.00157505297102034 -0.894534051418304 0.0996576696634293 0.435749083757401 -0.080166406929493 -0.0501555316150188 -0.217913225293159 0.157908573746681 0.0635378733277321 0.243627771735191
-3.00505638122559 -0.179810330271721 -5.30909061431885 0.260186284780502 -0.819239258766174 0.511028468608856 -0.861790537834167 0.0416544042527676 0.505551159381866 0.501499176025391 0.671572625637054 0.557088792324066 -0.0690077692270279 0.0269553232938051 -0.11528205871582
-3.42403411865234 -0.449260294437408 -5.28144454956055 0.492337793111801 -0.204889208078384 0.845945596694946 -0.864437937736511 -0.00149806588888168 0.502737402915955 0.277750343084335 0.758355259895325 0.534563601016998 -0.103583700954914 0.282460570335388 0.152180522680283
-3.82892894744873 -0.783566296100616 -5.03472805023193 0.546687126159668 0.287832617759705 0.786311328411102 -0.820415318012238 -0.00370966643095016 0.57175612449646 -0.0135174421593547 -0.302511155605316 0.386585205793381 0.0152266109362245 -0.524653255939484 0.348397314548492
-4.09386444091797 -0.956366539001465 -4.71323108673096 0.474961578845978 0.682568430900574 0.555438458919525 -0.739015400409698 -0.0333024114370346 0.672864973545074 -0.0106828045099974 0.183518961071968 -0.353937983512878 -0.118802800774574 0.434000611305237 0.00779789499938488
-4.27718353271484 -1.08150315284729 -4.22702026367188 0.157610312104225 0.986713707447052 -0.0394322834908962 -0.715217649936676 0.141594722867012 0.684408247470856 0.220590814948082 -0.152979329228401 -0.0607482902705669 -0.162580266594887 0.163037344813347 0.825089693069458
-4.4273509979248 -0.962383270263672 -3.70879364013672 -0.142413720488548 0.901058554649353 -0.409648507833481 -0.584623992443085 0.257388710975647 0.769393265247345 -0.303505629301071 -0.566192924976349 -0.487134784460068 -0.436468034982681 -0.238705575466156 -0.587498664855957
-4.59513759613037 -0.69347882270813 -3.23260688781738 -0.447792947292328 0.5144402384758 -0.731322646141052 -0.5855473279953 0.449405074119568 0.674662530422211 -0.102359436452389 0.180070489645004 0.158454954624176 -0.0330389775335789 0.152454882860184 0.296977549791336
-4.67043399810791 -0.161241069436073 -3.06949996948242 -0.737530529499054 -0.0940143838524818 -0.668737649917603 -0.594394683837891 0.560399293899536 0.576756238937378 0.534449696540833 0.393682062625885 -0.618880212306976 0.517381608486176 0.406159073114395 0.130936995148659
-4.92379188537598 0.31390517950058 -2.98074340820312 -0.740083873271942 -0.581199288368225 -0.338354051113129 -0.651133716106415 0.493405044078827 0.576694428920746 -0.33148717880249 0.268984854221344 -0.0714624896645546 0.229071006178856 0.330556571483612 0.397134274244308
-5.56301975250244 0.551554977893829 -2.02760219573975 0.16384282708168 -0.404305696487427 0.899829089641571 0.307460486888885 0.887649536132812 0.342850208282471 0.37902444601059 -0.0340144857764244 -0.211399734020233 0.401052743196487 0.0942340791225433 0.322290778160095
-5.60936546325684 0.908030807971954 -1.69524383544922 0.699254989624023 -0.515790820121765 0.494976997375488 0.312871277332306 0.843373715877533 0.436843663454056 -0.138528347015381 -0.144307151436806 -0.439440220594406 -0.404237031936646 -0.0201401971280575 0.384621173143387
-5.57334518432617 1.15855550765991 -1.24462509155273 0.920137405395508 -0.331786811351776 -0.208001494407654 0.372841000556946 0.90467756986618 0.206271976232529 0.181672334671021 0.281600713729858 -0.169054120779037 0.168505623936653 -0.276826351881027 0.24115227162838
-5.29025840759277 1.53134095668793 -0.912534713745117 0.640945374965668 -0.33091926574707 -0.692590296268463 0.606319606304169 0.771583616733551 0.192445456981659 -0.725488007068634 0.553569793701172 -0.378063797950745 -0.403569251298904 -0.227415442466736 -0.359680205583572
-4.79043197631836 1.69828069210052 -0.749378204345703 0.190737009048462 0.0871349200606346 -0.977766215801239 0.749970555305481 0.62973827123642 0.202419877052307 -0.245053395628929 -0.0455618351697922 0.106567829847336 -0.345661103725433 -0.10688528418541 0.0515742301940918
-4.23034191131592 1.79886627197266 -0.8216552734375 -0.322185337543488 0.421332240104675 -0.847747385501862 0.690924823284149 0.716830968856812 0.0936813652515411 0.202074110507965 -0.488455146551132 -0.527682483196259 -1.09094285964966 -0.300552487373352 -0.291214495897293
-3.77629661560059 2.05572843551636 -1.03014945983887 -0.668782472610474 0.51594203710556 -0.535288631916046 0.691050112247467 0.696939587593079 -0.191638171672821 0.338682740926743 0.215633630752563 0.187519282102585 0.13567216694355 -0.358294874429703 0.0681305229663849
-3.556396484375 2.30385875701904 -1.44017314910889 -0.727270722389221 0.685343146324158 -0.0371769666671753 0.583379685878754 0.588716924190521 -0.559535980224609 -0.282593846321106 0.17156682908535 -0.72597336769104 -0.132158398628235 0.215990424156189 -0.0278967004269361
-3.59541893005371 2.54737067222595 -1.96634292602539 -0.321768671274185 0.758504867553711 0.566688060760498 0.574553728103638 0.632145762443542 -0.519884347915649 -0.654762327671051 0.444650083780289 0.0209815613925457 -0.482175529003143 0.126339599490166 -0.0812607854604721
-3.54641819000244 3.0627019405365 -2.31945991516113 0.0729020163416862 0.381264209747314 0.92158704996109 0.656233906745911 0.677497982978821 -0.332194924354553 0.0990414991974831 0.0532829016447067 -0.220996737480164 -0.512243509292603 0.15350778400898 0.15004175901413
-3.35717582702637 3.56350493431091 -2.40085029602051 0.213712513446808 -0.126485824584961 0.968673467636108 0.641746520996094 0.76578825712204 -0.0415908098220825 0.0503145977854729 0.174733623862267 -0.0298065431416035 -0.552126705646515 -0.302531540393829 0.184868037700653
-3.18990421295166 4.0368857383728 -2.17437076568604 0.458895951509476 -0.620765864849091 0.635660409927368 0.713176012039185 0.68404746055603 0.153163224458694 -0.676152765750885 -0.379356622695923 0.119111523032188 0.0913433730602264 0.413653969764709 0.0468050017952919
-2.94092178344727 4.41241979598999 -1.89239311218262 0.59541255235672 -0.793491542339325 0.12591789662838 0.772697687149048 0.608493864536285 0.180759027600288 0.739783704280853 -0.0689642280340195 -0.0427213422954082 0.200941994786263 -0.662891924381256 -0.0811815410852432
-2.50457572937012 4.53576755523682 -1.52192115783691 0.542343199253082 -0.591844081878662 -0.596308946609497 0.761924922466278 0.64555412530899 0.0522503778338432 -0.307490110397339 0.299157291650772 -0.296170234680176 0.0731079950928688 1.035649061203 0.487487137317657
-2.03054428100586 4.62447166442871 -1.27080059051514 0.18942928314209 -0.352516561746597 -0.916432499885559 0.795441627502441 0.602286458015442 -0.067256473004818 -0.174154728651047 -0.0738290026783943 0.0512340739369392 -0.402785003185272 -0.45402467250824 0.324117600917816
-1.49420738220215 4.53524684906006 -1.19500160217285 -0.140120655298233 0.253173291683197 -0.957219660282135 0.786707937717438 0.615485370159149 0.0476279258728027 -0.4950090944767 -0.0178642421960831 0.0629064589738846 -0.229942217469215 -0.26227331161499 -0.272235751152039
-0.999757766723633 4.44310808181763 -1.35700225830078 -0.291107922792435 0.780488252639771 -0.553257763385773 0.895191967487335 0.426222145557404 0.13025376200676 -0.140104591846466 0.382126539945602 0.0740010142326355 0.027552917599678 -0.125412181019783 0.031984806060791
-0.546634674072266 4.70177936553955 -1.61708545684814 -0.598796844482422 0.797239184379578 0.0764992237091064 0.792732834815979 0.576373100280762 0.198415726423264 -0.207598865032196 -0.0306710433214903 0.382941603660583 -0.297425895929337 -0.221631363034248 -0.227270439267159
-0.209928512573242 4.98933601379395 -1.92010021209717 -0.52925705909729 0.656849265098572 0.537062287330627 0.795954942703247 0.603592753410339 0.0461684763431549 -0.119463995099068 -0.0797821432352066 0.0588523149490356 0.26070436835289 0.0402611419558525 -0.213523089885712
0.123100280761719 5.45285940170288 -1.89935684204102 -0.62036794424057 0.048279732465744 0.782823503017426 0.560847699642181 0.725021004676819 0.399742841720581 -0.483210533857346 0.163176879286766 0.645837426185608 -0.209158644080162 -0.603446424007416 0.173115879297256
0.333745956420898 -3.12900161743164 0.500350952148438 -0.0584790408611298 0.946159183979034 0.318375706672668 -0.992851734161377 -0.0218837857246399 -0.117331475019455 -0.0570550076663494 0.067198134958744 -0.107383467257023 -0.139385476708412 -0.450605064630508 -0.420506477355957
-0.0836315155029297 -3.17063331604004 0.74986457824707 0.0198665838688612 0.83539354801178 -0.549293041229248 -0.986930668354034 -0.0714892968535423 -0.144419446587563 -0.356659412384033 0.482505649328232 -0.13135139644146 0.0621077753603458 0.0514549873769283 -0.4050352871418
-0.578643798828125 -3.015793800354 0.841823577880859 0.22177255153656 0.543891608715057 -0.809320032596588 -0.974883019924164 0.106227204203606 -0.195752203464508 0.229209020733833 0.153485715389252 -0.245779946446419 0.173494547605515 0.17747488617897 0.555061042308807
-0.992599487304688 -2.75572776794434 0.804731369018555 0.349851191043854 -0.0086374320089817 -0.936765491962433 -0.933317840099335 0.0829895883798599 -0.349328815937042 0.160924792289734 0.0697950795292854 0.51433664560318 0.332439303398132 0.184715792536736 -0.135727852582932
-1.31506443023682 -2.44364261627197 0.515190124511719 0.214564681053162 -0.731756210327148 -0.646911799907684 -0.924609959125519 0.0612539947032928 -0.37595796585083 -0.0802589505910873 -0.309281706809998 -0.192621618509293 -0.31807604432106 0.598712086677551 -0.0797712281346321
-1.64082050323486 -2.34388256072998 0.158821105957031 0.122535228729248 -0.981918632984161 -0.144294828176498 -0.899312019348145 -0.0483576059341431 -0.434625625610352 0.254374027252197 0.158792227506638 -0.317904829978943 0.51837420463562 0.0878008455038071 0.402630656957626
-1.91845512390137 -2.39223480224609 -0.31348991394043 -0.0206968169659376 -0.906358122825623 0.422002851963043 -0.955154180526733 -0.10678131878376 -0.276184886693954 -0.413521379232407 -0.181906402111053 -0.146892607212067 -0.421720623970032 -0.0283737406134605 0.153559461236
-2.18887901306152 -2.60921764373779 -0.664363861083984 -0.143680706620216 -0.541212022304535 0.828519999980927 -0.968651354312897 -0.0945341736078262 -0.229734390974045 0.448362916707993 0.044867642223835 0.0812874212861061 0.0390030406415462 -0.058562021702528 -0.139809742569923
-2.4947624206543 -2.95168972015381 -0.862218856811523 -0.306588530540466 0.0611802972853184 0.949873864650726 -0.950001776218414 -0.0816940292716026 -0.301367998123169 0.0890694931149483 -0.0666240304708481 -0.265662968158722 -0.251771003007889 -0.158565729856491 -0.155357375741005
-3.02258014678955 -3.26119041442871 -0.773977279663086 -0.0628828033804893 0.537469506263733 0.840935289859772 -0.919423043727875 0.296557754278183 -0.258291780948639 -0.341664135456085 -0.307896763086319 -0.359381973743439 0.534816265106201 0.0102753154933453 -0.390654146671295
-3.48850727081299 -3.33226108551025 -0.553625106811523 0.103982582688332 0.962972521781921 0.248739928007126 -0.925434470176697 0.185300543904305 -0.330506891012192 -0.35270681977272 0.128425419330597 0.0529536977410316 -0.192685574293137 -0.0422043651342392 0.272302031517029
-3.92864990234375 -3.23095417022705 -0.314245223999023 0.258868187665939 0.89395135641098 -0.365839183330536 -0.947315394878387 0.161005079746246 -0.27689516544342 0.259020835161209 -0.158652991056442 -0.0444586016237736 -0.207941070199013 0.697095692157745 -0.0564886480569839
-4.37176990509033 -2.96321487426758 -0.254465103149414 0.397866070270538 0.604986965656281 -0.6897052526474 -0.916658878326416 0.293225049972534 -0.271579921245575 0.0628207996487617 -0.23672279715538 0.113410994410515 0.114250481128693 -0.26095387339592 -0.399601757526398
-4.62157917022705 -2.51017951965332 -0.199562072753906 0.153310418128967 0.0517450869083405 -0.986822307109833 -0.799059092998505 0.594017624855042 -0.092991977930069 0.159073576331139 -0.165069669485092 0.33275431394577 -0.145383447408676 0.1143818795681 -0.028121892362833
-4.88615417480469 -1.99962615966797 -0.366994857788086 0.123202592134476 -0.386229395866394 -0.914137780666351 -0.689205348491669 0.629467010498047 -0.358841449022293 0.24494569003582 0.304146379232407 -0.155743211507797 0.123845510184765 0.168336391448975 0.112522877752781
-4.84922027587891 -1.54338836669922 -0.783031463623047 -0.34112823009491 -0.659603893756866 -0.669741928577423 -0.599772155284882 0.701335549354553 -0.385229617357254 0.0302762892097235 -0.237516239285469 0.210223615169525 -0.27680504322052 -0.163579031825066 0.168114230036736
-4.96684741973877 -1.21710109710693 -1.18555450439453 -0.67372328042984 -0.673621296882629 -0.303860723972321 -0.441679835319519 0.696719825267792 -0.565243721008301 0.155878573656082 -0.594357788562775 -0.409476667642593 0.45335778594017 -0.209124490618706 -0.0303710121661425
-5.12202262878418 -1.08866882324219 -1.70495128631592 -0.870279490947723 -0.391524732112885 0.298867911100388 -0.49217101931572 0.667168200016022 -0.559154987335205 0.311924189329147 -0.34914967417717 0.244262561202049 -0.235216856002808 -0.0545139461755753 0.254831969738007
-5.47130107879639 -1.00705623626709 -2.0950345993042 -0.615523338317871 0.0358078926801682 0.787304759025574 -0.602667212486267 0.622346222400665 -0.499477118253708 -0.539316594600677 0.663588762283325 -0.0592225790023804 0.219851091504097 -0.17502948641777 0.039252370595932
-5.92286586761475 -0.916275024414062 -2.33108425140381 -0.112883895635605 0.27969229221344 0.95343029499054 -0.773724317550659 0.577280819416046 -0.260954648256302 0.200459063053131 0.406819552183151 0.53130441904068 -0.281898558139801 -0.694460511207581 0.479202687740326
-5.87382888793945 -0.320266723632812 -3.45859146118164 0.827345192432404 0.462549686431885 0.318665772676468 0.556077718734741 -0.594472289085388 -0.580844521522522 -0.249146580696106 0.506865501403809 -0.351879298686981 -0.0497641377151012 0.236122742295265 0.117458909749985
-5.51459693908691 -0.26661491394043 -3.90936279296875 0.639034748077393 0.0662512853741646 0.766319274902344 0.700287640094757 -0.462223291397095 -0.544009864330292 -0.418966263532639 0.261038273572922 0.422225803136826 -0.346048831939697 0.683427512645721 -0.205991700291634
-5.1311674118042 -0.115320205688477 -4.14082431793213 0.46442922949791 -0.399793177843094 0.790234684944153 0.827574968338013 -0.121782064437866 -0.547986090183258 0.185974419116974 -0.469949573278427 -0.287134319543839 -0.117805518209934 0.476203769445419 -0.381076395511627
-4.59568977355957 0.0642070770263672 -4.23639011383057 0.150264009833336 -0.891083002090454 0.428242743015289 0.79177463054657 -0.150928691029549 -0.591872811317444 -0.0881721749901772 -0.418554484844208 -0.316863030195236 -0.10832654684782 -0.195232570171356 0.305211454629898
-4.10878658294678 0.13007926940918 -4.24439811706543 -0.107816785573959 -0.992109537124634 0.0639863610267639 0.899865984916687 -0.124747902154922 -0.417946517467499 0.0329109765589237 -0.279632151126862 0.502139568328857 -0.127118349075317 0.226236507296562 0.340457767248154
-3.55986785888672 -0.109285354614258 -4.12092876434326 -0.40016907453537 -0.824398040771484 -0.400290787220001 0.873753488063812 -0.211454600095749 -0.437997579574585 0.31472972035408 -0.191465437412262 -0.489974558353424 0.448249906301498 -0.235421106219292 -0.373945593833923
-3.18771553039551 -0.461370468139648 -4.04509735107422 -0.516071617603302 -0.27874881029129 -0.809919357299805 0.843394994735718 -0.33042386174202 -0.423680424690247 0.221214056015015 0.205764144659042 0.384564071893692 0.153861507773399 0.264152824878693 -0.0065507679246366
-2.9045991897583 -0.819732666015625 -4.19846725463867 -0.240730494260788 0.398484647274017 -0.885019183158875 0.771964550018311 -0.474095821380615 -0.423443198204041 -0.201643064618111 0.286846727132797 0.134652748703957 0.308290272951126 0.277866095304489 -0.460238695144653
-2.67063999176025 -1.14680862426758 -4.63664150238037 -0.204124301671982 0.812321424484253 -0.546321511268616 0.805303037166595 -0.177975416183472 -0.565518975257874 -0.24914026260376 0.0828949585556984 -0.360742092132568 -0.290616482496262 0.328230977058411 -0.447344690561295
-2.59230613708496 -1.21769618988037 -5.15543842315674 0.315449804067612 0.947833240032196 -0.0458644330501556 0.628173828125 -0.244801357388496 -0.738559424877167 0.420115739107132 0.282355189323425 -0.289561152458191 0.483801156282425 -0.319282919168472 -0.0770164877176285
-2.57136631011963 -1.04300594329834 -5.73459243774414 0.562879681587219 0.69496750831604 0.44742226600647 0.721847057342529 -0.149645626544952 -0.675679683685303 0.183137610554695 0.173013016581535 0.134841233491898 0.353469163179398 -0.50687175989151 -0.1851946413517
-2.31902980804443 -0.78642463684082 -6.18100547790527 0.638454914093018 0.190832510590553 0.745626151561737 0.761814653873444 -0.0187235996127129 -0.647524476051331 0.108544617891312 -0.139761984348297 0.271530240774155 -0.02225680090487 0.202099516987801 -0.120041206479073
-1.91384220123291 -0.412033081054688 -6.31694030761719 0.582731604576111 -0.438974231481552 0.683904647827148 0.80059826374054 0.165615752339363 -0.575859308242798 -0.333350718021393 -0.458504110574722 0.246563360095024 -0.230215042829514 -0.748759567737579 -0.582534730434418
-1.43487358093262 -0.158916473388672 -6.42928218841553 0.336040318012238 -0.77656364440918 0.532940804958344 0.936784625053406 0.216987282037735 -0.274501323699951 -0.584316492080688 -0.0633490905165672 0.281123250722885 0.368226170539856 -0.220277592539787 0.684856832027435
-0.925430297851562 -0.053070068359375 -6.22688484191895 0.0618339255452156 -0.986620247364044 -0.150854304432869 0.925747096538544 0.113186165690422 -0.360806375741959 0.572853088378906 -0.163962483406067 0.00266012223437428 0.129177257418633 -0.508837282657623 -0.0856368988752365
-0.405689239501953 -0.19898796081543 -6.15021896362305 -0.300046414136887 -0.645785212516785 -0.702092289924622 0.855465650558472 0.143497481942177 -0.49758118391037 0.256616741418839 -0.167008399963379 -0.0685037598013878 -0.361625194549561 0.175649628043175 0.556392252445221
0.0482158660888672 -0.353403091430664 -6.26949596405029 -0.521983504295349 -0.0926835313439369 -0.847905039787292 0.852751016616821 -0.0349375829100609 -0.521147727966309 0.316317945718765 -0.139042243361473 -0.144259884953499 0.204734683036804 0.303339332342148 -0.47236767411232
0.439899444580078 -0.665327072143555 -6.55640983581543 -0.635562419891357 0.381510704755783 -0.671200335025787 0.718711078166962 -0.0251631587743759 -0.69485330581665 0.143552079796791 -0.0849854350090027 -0.143059879541397 -0.223718360066414 0.300802022218704 0.019937651231885
0.594675064086914 -0.977077484130859 -6.91842079162598 -0.345516860485077 0.879145979881287 -0.32820788025856 0.825487613677979 0.11840432882309 -0.551861166954041 0.18589736521244 -0.0107091274112463 -0.562464475631714 -0.146210566163063 -0.258502334356308 0.0520281791687012
0.768758773803711 -0.937944412231445 -7.35631084442139 0.0498822331428528 0.956231713294983 0.288327515125275 0.779352128505707 0.14327085018158 -0.60998672246933 -0.66234016418457 -0.21563808619976 -0.359627932310104 0.424338579177856 0.118862017989159 -0.066803477704525
2.1961555480957 -1.14928722381592 -7.19149494171143 0.48303410410881 0.816416382789612 0.316452652215958 0.117419674992561 -0.41854453086853 0.90057373046875 0.0438018590211868 0.132825747132301 -0.686155080795288 -0.239737719297409 0.255986213684082 -0.370336502790451
2.66339874267578 -1.34993648529053 -6.86718368530273 -0.288684993982315 0.888850927352905 0.355815798044205 0.101314097642899 -0.341191500425339 0.934517979621887 0.170538499951363 0.207147940993309 -0.20138444006443 -0.0779732167720795 -0.146452575922012 0.428442269563675
2.96943283081055 -1.30052947998047 -6.44892597198486 -0.842801749706268 0.448132693767548 0.298097550868988 0.119192019104958 -0.384701460599899 0.915313005447388 -0.207069933414459 0.523670494556427 0.307058721780777 0.517518639564514 -0.057805597782135 0.274782419204712
3.01385307312012 -1.29610538482666 -5.9345178604126 -0.99886029958725 0.0106839342042804 -0.0465174242854118 -0.0477110259234905 -0.249936074018478 0.967086136341095 -0.336444079875946 -0.301879912614822 0.345856636762619 0.14525231719017 0.0967597439885139 0.463677614927292
3.01365661621094 -1.13007545471191 -5.42337799072266 -0.866532802581787 -0.454524517059326 -0.206224262714386 -0.109902411699295 -0.229278981685638 0.967136263847351 0.202729135751724 -0.309435665607452 -0.136092036962509 0.170927956700325 -0.0883247554302216 -0.160990789532661
2.76496315002441 -1.05025672912598 -4.9552116394043 -0.445028275251389 -0.844496488571167 -0.297952085733414 -0.162201315164566 -0.251198381185532 0.954248428344727 -0.217000246047974 0.480671405792236 -0.0814666748046875 0.00483379047363997 -0.216050162911415 -0.366482138633728
2.41784286499023 -1.1211519241333 -4.62145900726318 0.157848000526428 -0.936529278755188 -0.313044726848602 -0.45025360584259 -0.350406885147095 0.821271419525146 -0.354052990674973 -0.0249919109046459 -0.36039799451828 0.175607070326805 0.0230368785560131 0.210881590843201
1.96824645996094 -1.39343357086182 -4.40965175628662 0.678898692131042 -0.731593608856201 -0.0621879994869232 -0.434369504451752 -0.468477725982666 0.7693190574646 0.0519495345652103 0.15063613653183 -0.533452808856964 -0.01553975045681 -0.251192092895508 0.0814950242638588
1.68367767333984 -1.82308197021484 -4.19003582000732 0.945176482200623 -0.311702817678452 0.097380019724369 -0.284207671880722 -0.63830304145813 0.715398669242859 0.260087609291077 -0.0275924485176802 0.56762284040451 -0.159685328602791 0.294383347034454 -0.0681486949324608
1.70770645141602 -2.32644176483154 -3.84506320953369 0.924226939678192 0.34562548995018 0.1623195707798 0.0493791326880455 -0.529707193374634 0.846742033958435 0.0326321199536324 0.575921535491943 -0.59144526720047 0.375440269708633 -0.222078576683998 -0.3149653673172
1.97743225097656 -2.72661876678467 -3.69418334960938 0.297498911619186 0.793863952159882 0.530353188514709 0.00469070672988892 -0.556713938713074 0.830691039562225 -0.307094603776932 -0.611745059490204 -0.139476776123047 0.399606257677078 0.37783294916153 -0.205837309360504
2.21931457519531 -2.88834381103516 -3.22528839111328 -0.273904353380203 0.903097927570343 0.330742359161377 0.0861435979604721 -0.319474667310715 0.943671107292175 -0.0149243511259556 0.321548134088516 -0.0126037653535604 -0.133310779929161 0.111338213086128 0.060166385024786
2.55567932128906 -2.86289024353027 -2.76755046844482 -0.669416189193726 0.687430381774902 0.28164079785347 0.182865679264069 -0.214971780776978 0.959347426891327 0.505026400089264 0.401719659566879 0.123613737523556 -0.0145670939236879 0.226311102509499 0.466134071350098
2.71377563476562 -2.71188831329346 -2.24328422546387 -0.985229313373566 0.14348092675209 -0.0934684053063393 -0.111071184277534 -0.120018735527992 0.986538708209991 -0.191618755459785 -0.155583202838898 -0.235047221183777 -0.114682227373123 0.0531343221664429 -0.142208501696587
2.61580467224121 -2.43698024749756 -1.79928302764893 -0.875183761119843 -0.446977496147156 -0.185106977820396 -0.138180360198021 -0.135730087757111 0.981062471866608 -0.608880221843719 -0.455074429512024 0.0343116596341133 0.226653784513474 -0.70917797088623 -0.260061532258987
2.42031860351562 -2.1906909942627 -1.41385841369629 -0.454893887042999 -0.873843908309937 -0.171663209795952 -0.309592068195343 -0.0255637690424919 0.950525760650635 0.235524758696556 -0.421076714992523 -0.427206069231033 -0.275214105844498 0.244308814406395 0.341882020235062
1.99691200256348 -2.08566856384277 -1.16005229949951 0.150082260370255 -0.983743190765381 0.0986138135194778 -0.479786276817322 0.014742374420166 0.877261579036713 0.330643683671951 -0.212752267718315 0.0222281701862812 -0.0862361714243889 -0.000506212119944394 -0.0563737228512764
1.57683753967285 -2.21620273590088 -0.793254852294922 0.357007592916489 -0.931398749351501 -0.0710063800215721 -0.592314183712006 -0.28450283408165 0.753805041313171 0.0932870507240295 0.609659910202026 -0.324506908655167 0.126719832420349 0.437039494514465 0.364460229873657
1.12777328491211 -2.5114860534668 -0.624479293823242 0.857633233070374 -0.381017684936523 0.345385015010834 -0.450824797153473 -0.233900219202042 0.861421942710876 0.199405521154404 -0.303422480821609 -0.741530656814575 -0.226970434188843 -0.262669205665588 -0.134519413113594
1.00979423522949 -2.89733600616455 -0.258920669555664 0.8046954870224 0.408162981271744 0.431124210357666 -0.425543963909149 -0.109818413853645 0.898249566555023 0.417706310749054 -0.176991730928421 -0.718178868293762 -0.204468876123428 0.290637850761414 0.338523328304291
-0.596881866455078 5.47842693328857 -0.946250915527344 0.558929324150085 0.0894149988889694 -0.824380397796631 -0.805709958076477 -0.176469802856445 -0.565411269664764 0.268076092004776 -0.189673095941544 0.139602661132812 0.161449104547501 -0.185737282037735 0.462991297245026
-0.92036247253418 5.69756126403809 -1.29240322113037 0.65944492816925 -0.537496566772461 -0.525575757026672 -0.735349535942078 -0.315957188606262 -0.599526643753052 0.0853727236390114 0.152048647403717 0.204807922244072 -0.326782613992691 0.216388866305351 0.0155824301764369
-1.163405418396 5.69171333312988 -1.7594690322876 0.45453953742981 -0.878406524658203 0.147634029388428 -0.753824293613434 -0.467650413513184 -0.461575597524643 0.403547942638397 0.0785533264279366 0.143983751535416 -0.549283266067505 0.0652531534433365 0.0553086251020432
-1.34208583831787 5.31971788406372 -2.1669807434082 0.25402370095253 -0.672482073307037 0.69515460729599 -0.623092234134674 -0.663494229316711 -0.414163649082184 0.0100645730271935 0.0107466224581003 -0.0822371989488602 0.0631492584943771 -0.18063847720623 0.177187010645866
-1.58761119842529 4.82491636276245 -2.38561058044434 0.0313027799129486 -0.192689776420593 0.980760335922241 -0.619248032569885 -0.773969888687134 -0.132297247648239 -0.538661181926727 0.531915485858917 0.201484933495522 0.205643475055695 0.294159352779388 0.318988591432571
-1.66663551330566 4.21742963790894 -2.37156867980957 -0.329606413841248 0.330253809690475 0.884472727775574 -0.776888489723206 -0.627202987670898 -0.055322527885437 0.156092450022697 0.224724277853966 -0.175726488232613 -0.224900886416435 0.0220048632472754 0.152762562036514
-1.94247531890869 3.76797723770142 -2.18082332611084 -0.473607271909714 0.732592463493347 0.48888087272644 -0.825213074684143 -0.563078045845032 0.0443458259105682 0.000928737339563668 0.507664382457733 0.557037949562073 -0.279646217823029 -0.583058655261993 -0.724043011665344
-2.22237777709961 3.4558253288269 -1.84405326843262 -0.547914266586304 0.834892511367798 0.0523877143859863 -0.799918711185455 -0.541228353977203 0.25923353433609 -0.196983575820923 0.111689165234566 0.0600277334451675 0.129035696387291 0.194007933139801 -0.229761451482773
-2.57764053344727 3.3897066116333 -1.46818923950195 -0.537725210189819 0.538013517856598 -0.649148046970367 -0.799512207508087 -0.569796144962311 0.190033435821533 -0.182564109563828 -0.0490751639008522 0.0369082950055599 -0.483925640583038 -0.062373761087656 -0.0299579910933971
-3.07691287994385 3.33017253875732 -1.2782096862793 -0.283877491950989 0.294827848672867 -0.912408888339996 -0.911805331707001 -0.377431362867355 0.16172981262207 -0.510797202587128 0.0307291783392429 0.242661908268929 0.0133937876671553 0.405095398426056 0.14807365834713
-3.54746341705322 3.50075435638428 -1.22302722930908 0.0155302565544844 -0.28585085272789 -0.958148181438446 -0.885268867015839 -0.449405014514923 0.119725123047829 0.0115564493462443 -0.223744943737984 0.351680129766464 -0.0369336046278477 0.201651394367218 -0.296009868383408
-4.03952980041504 3.46903038024902 -1.33900451660156 0.38403657078743 -0.755315661430359 -0.531049966812134 -0.815239429473877 -0.547406077384949 0.189026862382889 0.202940240502357 0.503180384635925 0.0333338193595409 0.504987120628357 0.042694304138422 0.562283456325531
-4.46825218200684 3.03342795372009 -1.37562656402588 0.802100658416748 -0.572560250759125 -0.169732958078384 -0.553714871406555 -0.819496035575867 0.147736549377441 -0.170034229755402 -0.320299476385117 -0.784112513065338 -0.105996482074261 0.388365745544434 0.119324058294296
-4.65228939056396 2.62455534934998 -1.60115432739258 0.832360744476318 -0.406383991241455 0.37686550617218 -0.472550213336945 -0.875677049160004 0.0994284152984619 -0.227414265275002 -0.018021946772933 0.0896978303790092 -0.410400122404099 0.0662880092859268 -0.107090935111046
-4.63905620574951 2.16651248931885 -1.83454990386963 0.413328409194946 -0.275580257177353 0.867879688739777 -0.309041440486908 -0.938988208770752 -0.150978296995163 0.0850994139909744 -0.074711799621582 0.205780804157257 -0.558050096035004 0.215680360794067 -0.00701141357421875
-4.49112796783447 1.63817369937897 -1.8709716796875 -0.254551827907562 0.0896035432815552 0.962899088859558 -0.386307805776596 -0.922225832939148 -0.0163056254386902 -0.0298315230756998 0.267253994941711 -0.380304485559464 0.179135486483574 -0.0833803564310074 -0.449726462364197
-4.4867467880249 1.10057139396667 -1.7188835144043 -0.669374525547028 0.439324080944061 0.599109292030334 -0.433181762695312 -0.885948657989502 0.16567562520504 -0.767889142036438 0.375131458044052 -0.971083581447601 0.294734597206116 0.0587203651666641 -0.0584535337984562
-4.47936153411865 0.728992402553558 -1.3707971572876 -0.912646532058716 0.406573951244354 -0.042116791009903 -0.40856471657753 -0.904280066490173 0.123904496431351 0.0574296601116657 0.42848864197731 0.289529919624329 -0.269726067781448 -0.21183517575264 -0.512637317180634
-4.77106189727783 0.257991790771484 -1.15569496154785 -0.710528969764709 0.592002928256989 -0.380369573831558 -0.613516330718994 -0.785906314849854 -0.0771294832229614 -0.500899255275726 0.125550389289856 -0.317679822444916 0.26804593205452 0.156629726290703 0.0536518022418022
-5.35091495513916 0.0899340882897377 -0.916900634765625 -0.194828033447266 0.281001418828964 -0.939723551273346 -0.420641362667084 -0.889442026615143 -0.178756475448608 0.254029899835587 -0.398146033287048 -0.125287547707558 -0.150690913200378 -0.531197249889374 -0.067835621535778
-6.031494140625 -0.527082920074463 -1.18491458892822 -0.132380962371826 -0.361883491277695 -0.922776103019714 0.377538114786148 -0.879202485084534 0.290633857250214 0.298481404781342 0.21825698018074 0.00188162841368467 0.541881144046783 -0.330236524343491 -0.496722102165222
-6.165283203125 -1.06870985031128 -1.10949420928955 0.552679300308228 0.0534921884536743 -0.831675589084625 0.503523409366608 -0.816634714603424 0.282085180282593 0.208126500248909 -0.514009892940521 -0.259298950433731 0.023709237575531 0.3563492000103 -0.189750745892525
-6.11809539794922 -1.55202078819275 -1.281982421875 0.891977250576019 0.348352372646332 -0.288144469261169 0.423791468143463 -0.86623340845108 0.264651656150818 0.301664352416992 0.62004816532135 0.122229650616646 0.188347488641739 -0.130795210599899 0.384345203638077
-5.82608413696289 -2.06528735160828 -1.37798118591309 0.683354318141937 0.711527764797211 0.163570389151573 0.632595658302307 -0.688901782035828 0.353888690471649 -0.236927837133408 0.112410135567188 0.159598499536514 0.0399066358804703 0.22810073196888 -0.145162627100945
-5.29282569885254 -2.39697170257568 -1.47605037689209 0.417075395584106 0.73817253112793 0.530235350131989 0.771568179130554 -0.595898747444153 0.2226822078228 0.198338970541954 -0.118659816682339 -0.285371422767639 -0.226552098989487 0.304483115673065 0.00620665913447738
-4.84416580200195 -2.55850648880005 -1.42806529998779 0.117107257246971 0.55728143453598 0.822023868560791 0.937757015228271 -0.334550142288208 0.0932094976305962 0.732724666595459 -0.109044529497623 -0.0195683762431145 0.367046564817429 0.380714297294617 0.0658925399184227
-4.3368034362793 -2.50432920455933 -1.34617710113525 -0.294380187988281 0.0410697385668755 0.954805552959442 0.920994341373444 -0.254559278488159 0.29490527510643 0.927913010120392 0.37492835521698 -0.646602749824524 0.156993165612221 -0.258604347705841 -0.463930994272232
-3.87058067321777 -2.2905797958374 -1.10700035095215 -0.395738005638123 -0.526333093643188 0.752572178840637 0.917913198471069 -0.252350270748138 0.306193709373474 -0.00880733784288168 -0.299833118915558 -0.00923399813473225 -0.504344165325165 0.354329943656921 0.194911539554596
-3.56986141204834 -2.24035120010376 -0.722166061401367 -0.27125096321106 -0.944648385047913 0.18455958366394 0.906863331794739 -0.186574459075928 0.377873927354813 -0.436192661523819 0.24187970161438 -0.764062404632568 0.748345971107483 0.699875593185425 0.505262434482574
-3.35861110687256 -2.19436979293823 -0.260313034057617 0.057881772518158 -0.946231782436371 -0.318269073963165 0.763770520687103 -0.163327008485794 0.624482989311218 0.180390372872353 -0.346960693597794 -0.389220178127289 -0.181961387395859 -0.251876175403595 -0.570748150348663
-3.1112585067749 -2.51607298851013 0.184564590454102 0.161140993237495 -0.588192343711853 -0.792504608631134 0.862694561481476 -0.306079745292664 0.402583420276642 0.206074237823486 -0.256304293870926 -0.135468930006027 -0.167456209659576 -0.271709948778152 0.0505306273698807
-2.85029983520508 -2.93670535087585 0.341300964355469 0.19787335395813 -0.0402520261704922 -0.97940069437027 0.929592788219452 -0.309270828962326 0.200520992279053 0.174183502793312 -0.262576431035995 -0.756906926631927 0.260912090539932 0.363896310329437 0.184563428163528
-2.45181083679199 -3.32900309562683 0.304834365844727 0.196210503578186 0.58172607421875 -0.789364457130432 0.978548645973206 -0.167723134160042 0.119631201028824 -0.0543762519955635 -0.0608358681201935 -0.526476204395294 -0.379810988903046 -0.440708786249161 0.377615213394165
-2.00362777709961 -3.52529621124268 0.0766029357910156 0.132561758160591 0.976662218570709 -0.168992266058922 0.990164041519165 -0.1227897554636 0.0670667961239815 -0.153292194008827 0.60895824432373 -0.301905363798141 -0.608633041381836 0.112919680774212 -0.137131661176682
-1.43362426757812 -3.517662525177 -0.000997543334960938 -0.143618240952492 0.989613056182861 0.00631469581276178 0.987961947917938 0.143002137541771 0.0590048506855965 -0.179409682750702 0.136008843779564 0.0599757358431816 -0.29891449213028 -0.0397019758820534 0.294419080018997
-0.981807708740234 -3.24926400184631 -0.260152816772461 -0.332837015390396 0.719671785831451 0.609337389469147 0.942967653274536 0.257855087518692 0.210529536008835 -0.270530879497528 -0.202414318919182 0.434291273355484 -0.414467692375183 0.0142522500827909 -0.0325889773666859
-0.603425979614258 -2.89283967018127 -0.274225234985352 -0.24976110458374 0.0938100814819336 0.963752627372742 0.888599038124084 0.41765022277832 0.189631313085556 0.155422240495682 -0.237950325012207 0.186579644680023 0.141673237085342 -0.198597133159637 0.445891916751862
-0.400934219360352 -2.42446804046631 -0.122404098510742 0.0463818907737732 -0.582986772060394 0.811156749725342 0.858246088027954 0.438764214515686 0.266269981861115 -0.00470119761303067 -0.209229707717896 0.494915872812271 0.25974053144455 0.169129893183708 0.0727317929267883
-0.113063812255859 -2.07861232757568 0.263154983520508 0.141709595918655 -0.931514024734497 0.334962517023087 0.974181532859802 0.191308468580246 0.1198810338974 -0.0207613874226809 0.133283048868179 0.288037776947021 0.382560402154922 0.0968926995992661 0.686712086200714
0.373088836669922 -1.98835134506226 0.553203582763672 -0.0741772130131721 -0.984387040138245 0.159624621272087 0.875365853309631 0.0124084372073412 0.483302116394043 -0.134742513298988 0.594023466110229 -0.431195825338364 -0.15471225976944 0.393407106399536 -0.577294588088989
1.26835632324219 -1.64673447608948 0.998952865600586 0.803269863128662 0.391297996044159 -0.449047327041626 -0.302507102489471 0.917468190193176 0.258343905210495 -0.126934289932251 -0.166219815611839 0.0100193722173572 -0.0602400302886963 0.375125288963318 -0.514790654182434
1.39558982849121 -1.23901188373566 1.27066612243652 0.222679615020752 0.269816905260086 -0.936809778213501 -0.372876524925232 0.911443591117859 0.173878341913223 0.0239484831690788 -0.0347141623497009 -0.084893561899662 -0.158020034432411 0.0788508281111717 -0.0377475544810295
1.44100379943848 -0.723077595233917 1.29952812194824 -0.279142796993256 -0.132896021008492 -0.951008856296539 -0.290977209806442 0.955519199371338 -0.0481177940964699 -0.221114382147789 0.0363929383456707 -0.102711342275143 0.15769924223423 0.0743703320622444 -0.286713421344757
1.63689231872559 -0.290888458490372 1.1109504699707 -0.748861253261566 -0.17156395316124 -0.640134871006012 -0.108701005578041 0.984626591205597 -0.136728152632713 0.404324918985367 -0.0843055844306946 -0.163371711969376 0.0891724824905396 -0.345112174749374 0.235027492046356
1.63439750671387 0.00457723904401064 0.687009811401367 -0.993092715740204 -0.111055418848991 0.0378638841211796 -0.116930454969406 0.96343982219696 -0.241062521934509 -0.0421263687312603 -0.0727637112140656 -0.245523557066917 0.0825154930353165 -0.476434797048569 -0.291338473558426
1.4995288848877 0.415478616952896 0.411226272583008 -0.786432206630707 -0.186119213700294 0.588968694210052 -0.276337742805481 0.958791851997375 -0.0659989714622498 -0.39716625213623 -0.0178346671164036 -0.375181406736374 0.36571991443634 -0.243811532855034 -0.396615535020828
1.15957260131836 0.835116803646088 0.20123291015625 -0.329093784093857 -0.201720982789993 0.922499895095825 -0.355520039796829 0.931503057479858 0.0768609941005707 0.132422372698784 0.082615464925766 0.129230841994286 0.18601430952549 0.128277331590652 0.53794926404953
0.801542282104492 1.23794996738434 0.307645797729492 0.31997287273407 -0.246582239866257 0.914775729179382 -0.343383431434631 0.869705259799957 0.354542911052704 0.277120292186737 -0.577225506305695 0.116717465221882 -0.416244298219681 -0.165661156177521 -0.0184140261262655
0.453828811645508 1.45057666301727 0.60345458984375 0.809961676597595 0.0707514137029648 0.582199573516846 -0.30976989865303 0.894538819789886 0.322246581315994 -0.249928772449493 0.801250338554382 0.00378221762366593 -0.92231148481369 -0.264459729194641 0.349273353815079
0.264350891113281 1.67203712463379 1.11160850524902 0.954730868339539 0.287971913814545 -0.0745723247528076 -0.243251532316208 0.900080263614655 0.361502557992935 0.509320557117462 -0.13134540617466 1.03897750377655 0.116170041263103 -0.393915832042694 0.346659004688263
0.305942535400391 2.08511161804199 1.47354125976562 0.761378288269043 0.223864838480949 -0.608430504798889 -0.194031253457069 0.974157691001892 0.115622878074646 0.376678228378296 -0.046359971165657 0.000523068592883646 -0.373499870300293 0.55373477935791 -0.0438107550144196
0.451593399047852 2.64938998222351 1.69724655151367 0.388934940099716 -0.0407631695270538 -0.920362949371338 -0.147147625684738 0.983446300029755 -0.105740070343018 -0.0585571303963661 -0.492794036865234 -0.0872042775154114 -0.310727804899216 -0.272196471691132 0.0468114539980888
0.730340957641602 3.04693269729614 1.67291641235352 -0.159326046705246 -0.0823321044445038 -0.983786940574646 0.0385992527008057 0.995234906673431 -0.0895413756370544 0.373086810112 0.296480983495712 0.349541217088699 0.292458087205887 -0.635264873504639 0.230647876858711
1.06632041931152 3.39811205863953 1.5220832824707 -0.751443266868591 0.0478396713733673 -0.6580610871315 0.189263835549355 0.971082627773285 -0.14552566409111 -0.0270781144499779 -0.598156452178955 0.47914981842041 0.46087908744812 0.0382556952536106 -0.164405271410942
1.19208908081055 3.75402617454529 1.17794036865234 -0.977214932441711 0.160010516643524 -0.139455020427704 0.200093775987625 0.913672149181366 -0.353787660598755 0.253541737794876 -0.282956659793854 -0.24267466366291 -0.330976694822311 -0.330728769302368 -0.324962735176086
1.22722625732422 4.11944627761841 0.80891227722168 -0.959569096565247 0.0305326357483864 0.279812157154083 -0.0795609429478645 0.924138605594635 -0.373681426048279 0.831767201423645 -0.152874395251274 0.260765433311462 -0.212241396307945 -0.284533381462097 -0.040720771998167
1.08275985717773 4.34844064712524 0.387140274047852 -0.495869189500809 0.385980814695358 0.777902722358704 0.130556181073189 0.918745398521423 -0.372642040252686 -0.109541453421116 0.343155831098557 -0.703491270542145 0.0441953986883163 0.312603145837784 0.359560489654541
0.664421081542969 4.65744543075562 0.125228881835938 -0.0452133156359196 0.478806287050247 0.87675553560257 -0.15483470261097 0.863688349723816 -0.479654759168625 -0.324068963527679 -0.187141939997673 -0.536497890949249 -0.0509437061846256 -0.0140801798552275 0.0997048616409302
0.272151947021484 5.03058052062988 -0.00783157348632812 0.538253843784332 0.436574161052704 0.720892369747162 -0.00624251272529364 0.857413291931152 -0.514590680599213 0.454326182603836 0.130192697048187 -0.0548061467707157 0.446824669837952 0.255226194858551 -0.0392648912966251
0.176645278930664 5.54067754745483 0.0165004730224609 0.970276772975922 0.0591689273715019 0.234653055667877 0.0544200614094734 0.891464352607727 -0.449811011552811 0.125508069992065 0.215766072273254 0.146505787968636 -0.454444199800491 -0.252398163080215 -0.509237229824066
