t = 0
b = 16 16 16
E = 0 0 0
3.336689 8.399015 6.811394 0.432131 0.865143 -0.254539 0.625679 -0.569066 -0.533562 0 0 0 0 0 0 
3.553101 8.230091 6.305273 0.639694 0.724709 0.256104 0.747918 -0.552316 -0.368192 0 0 0 0 0 0 
3.898647 8.165642 5.961676 0.514318 0.368980 0.774165 0.803480 -0.494460 -0.331555 0 0 0 0 0 0 
4.352040 8.173229 5.762370 0.182175 -0.106227 0.977511 0.850758 -0.472034 -0.231071 0 0 0 0 0 0 
4.847292 8.162425 5.760115 -0.210319 -0.539110 0.815553 0.865145 -0.489039 -0.111195 0 0 0 0 0 0 
5.298966 8.063274 5.929574 -0.504196 -0.791267 0.345951 0.840625 -0.541570 -0.007175 0 0 0 0 0 0 
5.647325 7.831113 6.191145 -0.576991 -0.776134 -0.254358 0.784851 -0.617509 0.051873 0 0 0 0 0 0 
5.867969 7.462264 6.424111 -0.401177 -0.504045 -0.764850 0.719054 -0.693412 0.046276 0 0 0 0 0 0 
5.995023 6.997678 6.527154 -0.047046 -0.059361 -0.997127 0.679563 -0.733362 -0.019344 0 0 0 0 0 0 
6.098651 6.519313 6.445277 0.338399 0.395162 -0.854010 0.678369 -0.727151 -0.105205 0 0 0 0 0 0 
6.262133 6.116452 6.197114 0.603602 0.698261 -0.384833 0.719322 -0.672270 -0.175013 0 0 0 0 0 0 
6.539995 5.850292 5.875990 0.640507 0.734057 0.225636 0.786440 -0.587170 -0.191687 0 0 0 0 0 0 
6.938935 5.732562 5.593095 0.446793 0.486457 0.750824 0.851691 -0.501288 -0.152754 0 0 0 0 0 0 
7.422383 5.726728 5.449672 0.103384 0.046507 0.993554 0.893696 -0.444738 -0.059298 0 0 0 0 0 0 
7.918924 5.755211 5.499489 -0.245837 -0.435066 0.866188 0.904489 -0.424118 0.044987 0 0 0 0 0 0 
8.361369 5.720573 5.722181 -0.481930 -0.770936 0.416415 0.880248 -0.453926 0.138256 0 0 0 0 0 0 
8.701594 5.555803 6.035697 -0.511933 -0.836158 -0.196889 0.836929 -0.518428 0.175449 0 0 0 0 0 0 
8.940643 5.243434 6.314460 -0.328394 -0.587306 -0.739749 0.797713 -0.584706 0.147558 0 0 0 0 0 0 
9.159629 4.826803 6.482446 0.053172 -0.099633 -0.993603 0.770816 -0.617671 0.155967 0 0 0 0 0 0 
9.543857 4.381086 6.685785 0.629988 0.411782 -0.658446 0.628590 -0.468645 0.620683 0 0 0 0 0 0 
10.076456 4.098811 7.160755 0.645014 0.752272 -0.134328 0.069274 0.065774 0.995427 0 0 0 0 0 0 
10.351439 4.049298 7.575147 0.048860 0.983718 -0.172949 0.055890 0.159593 0.985599 0 0 0 0 0 0 
10.611472 4.196019 7.964707 -0.557101 0.803972 -0.208010 0.030196 0.258023 0.965667 0 0 0 0 0 0 
10.760368 4.503654 8.319702 -0.932920 0.314758 -0.174892 -0.058075 0.341226 0.938186 0 0 0 0 0 0 
10.729505 4.881930 8.632017 -0.959801 -0.274931 -0.056532 -0.175621 0.386639 0.905355 0 0 0 0 0 0 
10.508822 5.225716 8.904262 -0.645400 -0.753744 0.123808 -0.295985 0.373781 0.879022 0 0 0 0 0 0 
10.154647 5.438914 9.167600 -0.105731 -0.944413 0.311295 -0.377484 0.309285 0.872839 0 0 0 0 0 0 
9.762389 5.474795 9.462175 0.468723 -0.772138 0.429071 -0.397934 0.225820 0.889187 0 0 0 0 0 0 
9.448159 5.356791 9.822269 0.859836 -0.303690 0.410433 -0.359810 0.161662 0.918914 0 0 0 0 0 0 
9.290789 5.175747 10.256543 0.927513 0.284589 0.242340 -0.278870 0.152138 0.948201 0 0 0 0 0 0 
9.312454 5.045572 10.737619 0.640520 0.767784 -0.015527 -0.195158 0.206375 0.958813 0 0 0 0 0 0 
9.456417 5.065602 11.215779 0.113152 0.956479 -0.268968 -0.143964 0.307014 0.940753 0 0 0 0 0 0 
9.633737 5.273107 11.633856 -0.455965 0.790536 -0.408839 -0.142515 0.415761 0.898238 0 0 0 0 0 0 
9.733042 5.635831 11.960312 -0.862049 0.343763 -0.372422 -0.185661 0.513041 0.838045 0 0 0 0 0 0 
9.685165 6.072749 12.186613 -0.964311 -0.212406 -0.158073 -0.267671 0.563256 0.781726 0 0 0 0 0 0 
9.458099 6.478163 12.359308 -0.723130 -0.674915 0.146877 -0.365984 0.552704 0.748715 0 0 0 0 0 0 
9.094238 6.757943 12.533418 -0.213901 -0.875734 0.432823 -0.432937 0.497111 0.751962 0 0 0 0 0 0 
8.689892 6.875732 12.774240 0.380102 -0.728472 0.569957 -0.433320 0.429791 0.792158 0 0 0 0 0 0 
8.352479 6.876523 13.123332 0.824948 -0.284246 0.488533 -0.399715 0.386216 0.831303 0 0 0 0 0 0 
7.959696 7.051550 13.578862 0.746801 0.590093 0.306720 -0.753233 0.426974 0.500334 0 0 0 0 0 0 
7.329184 7.502595 13.847526 0.417409 0.899995 -0.125614 -0.806124 0.264218 -0.529483 0 0 0 0 0 0 
6.915774 7.785891 13.812721 0.663851 0.494836 -0.560749 -0.759057 0.307902 -0.573610 0 0 0 0 0 0 
6.629548 8.155841 13.656092 0.666432 -0.107204 -0.737818 -0.691351 0.334438 -0.640457 0 0 0 0 0 0 
6.470046 8.507842 13.341913 0.431091 -0.659579 -0.615724 -0.618270 0.290246 -0.730410 0 0 0 0 0 0 
6.403731 8.731921 12.903217 0.034398 -0.959954 -0.278038 -0.557331 0.207125 -0.804041 0 0 0 0 0 0 
6.372656 8.768134 12.408505 -0.403718 -0.904618 0.136667 -0.539241 0.095966 -0.836666 0 0 0 0 0 0 
6.292714 8.619460 11.940346 -0.717674 -0.517480 0.466003 -0.558121 -0.011730 -0.829676 0 0 0 0 0 0 
6.097851 8.351750 11.565341 -0.801196 0.065701 0.594785 -0.615654 -0.076698 -0.784275 0 0 0 0 0 0 
5.758621 8.080551 11.314702 -0.605663 0.632347 0.483022 -0.682773 -0.069963 -0.727273 0 0 0 0 0 0 
5.304786 7.923063 11.163417 -0.192726 0.964890 0.178448 -0.728318 0.000937 -0.685239 0 0 0 0 0 0 
4.813099 7.950293 11.047917 0.292861 0.935582 -0.197279 -0.723882 0.103687 -0.682087 0 0 0 0 0 0 
4.376161 8.165176 10.897234 0.664449 0.562115 -0.492478 -0.673667 0.209388 -0.708751 0 0 0 0 0 0 
4.076388 8.499065 10.663746 0.777970 -0.012148 -0.628184 -0.584466 0.277345 -0.762548 0 0 0 0 0 0 
3.942385 8.847786 10.321906 0.593289 -0.576061 -0.562283 -0.479892 0.286133 -0.829356 0 0 0 0 0 0 
3.949248 9.098355 9.885709 0.166291 -0.929013 -0.330580 -0.395723 0.235337 -0.887705 0 0 0 0 0 0 
4.022669 9.175651 9.395201 -0.357097 -0.934018 -0.009612 -0.361771 0.149786 -0.920155 0 0 0 0 0 0 
4.047026 9.066556 8.910753 -0.761116 -0.581684 0.286958 -0.385593 0.071059 -0.919928 0 0 0 0 0 0 
3.930855 8.843952 8.480948 -0.879461 -0.004519 0.475950 -0.455215 0.042080 -0.889386 0 0 0 0 0 0 
3.650124 8.630534 8.135346 -0.651528 0.581701 0.486964 -0.524166 0.073151 -0.848468 0 0 0 0 0 0 
3.335007 8.534152 7.702927 -0.137555 0.975485 0.171776 -0.419712 -0.000007 -0.907657 0 0 0 0 0 0 
9.191561 6.841109 13.696020 -0.964248 -0.011371 -0.264757 0.229129 -0.664572 -0.711227 0 0 0 0 0 0 
9.146897 6.357495 13.516773 -0.689939 0.494222 -0.528894 0.190967 -0.594809 -0.780854 0 0 0 0 0 0 
8.998071 6.001512 13.212764 -0.150818 0.832892 -0.532489 0.132332 -0.534910 -0.834482 0 0 0 0 0 0 
8.810410 5.805625 12.800946 0.428535 0.841380 -0.329298 0.127767 -0.432802 -0.892389 0 0 0 0 0 0 
8.695054 5.786094 12.320923 0.848898 0.528213 -0.019048 0.176706 -0.326460 -0.928547 0 0 0 0 0 0 
8.733837 5.889880 11.840952 0.963516 0.010460 0.267448 0.267041 -0.247047 -0.931481 0 0 0 0 0 0 
8.950431 6.026688 11.420756 0.736684 -0.532577 0.416723 0.366315 -0.226472 -0.902510 0 0 0 0 0 0 
9.313400 6.087343 11.091198 0.245430 -0.892578 0.378245 0.435772 -0.263191 -0.860717 0 0 0 0 0 0 
9.733366 5.984874 10.844766 -0.331505 -0.925814 0.181586 0.448518 -0.342612 -0.825499 0 0 0 0 0 0 
10.095251 5.704323 10.639628 -0.789527 -0.605822 -0.098123 0.393559 -0.413783 -0.820911 0 0 0 0 0 0 
10.301928 5.302994 10.410198 -0.943190 -0.056895 -0.327345 0.299041 -0.452937 -0.839894 0 0 0 0 0 0 
10.318662 4.888710 10.119597 -0.742486 0.508878 -0.435613 0.188598 -0.439721 -0.878109 0 0 0 0 0 0 
10.178680 4.572313 9.751228 -0.265871 0.877506 -0.399119 0.099579 -0.367337 -0.924742 0 0 0 0 0 0 
9.964755 4.432480 9.317788 0.314376 0.915311 -0.251740 0.050614 -0.259369 -0.964451 0 0 0 0 0 0 
9.786426 4.485824 8.853480 0.792169 0.607926 -0.053791 0.058439 -0.137584 -0.988765 0 0 0 0 0 0 
9.737846 4.682066 8.398955 0.992042 0.060677 0.110325 0.122110 -0.049035 -0.991304 0 0 0 0 0 0 
9.873414 4.914913 7.983676 0.826311 -0.528835 0.193762 0.197722 -0.041152 -0.979394 0 0 0 0 0 0 
10.166372 5.052834 7.608147 0.335939 -0.921161 0.196490 0.247524 -0.093939 -0.964317 0 0 0 0 0 0 
10.518648 5.015770 7.266581 -0.292802 -0.947161 0.130968 0.238996 -0.176712 -0.954806 0 0 0 0 0 0 
10.815565 4.848007 6.878677 -0.817918 -0.572134 -0.060606 0.217244 -0.153092 -0.964037 0 0 0 0 0 0 
11.100614 5.069096 6.045528 -0.824649 0.144026 -0.547002 0.326307 0.907723 -0.263747 0 0 0 0 0 0 
11.312117 5.421368 5.624436 -0.975475 0.213036 -0.055346 0.227580 0.972765 -0.044003 0 0 0 0 0 0 
11.322693 5.833086 5.353016 -0.814503 0.116479 0.568346 0.144152 0.989458 -0.013867 0 0 0 0 0 0 
11.172264 6.282124 5.200930 -0.341955 -0.041219 0.938812 0.075312 0.994887 0.067296 0 0 0 0 0 0 
10.949691 6.730454 5.239392 0.242901 -0.188886 0.951484 0.051296 0.980609 0.189142 0 0 0 0 0 0 
10.762044 7.129437 5.476747 0.741113 -0.245024 0.625071 0.071921 0.948351 0.308963 0 0 0 0 0 0 
10.697624 7.459872 5.848016 0.983164 -0.165173 0.078147 0.137908 0.908183 0.395202 0 0 0 0 0 0 
10.815450 7.732767 6.253089 0.873336 0.017373 -0.486808 0.234198 0.877908 0.417648 0 0 0 0 0 0 
11.110314 7.985298 6.576690 0.444250 0.227022 -0.866662 0.317239 0.871124 0.374836 0 0 0 0 0 0 
11.499109 8.269186 6.735783 -0.146830 0.371444 -0.916772 0.349976 0.890238 0.291537 0 0 0 0 0 0 
11.864662 8.623963 6.711452 -0.683835 0.379641 -0.623092 0.307897 0.928760 0.206409 0 0 0 0 0 0 
12.093619 9.053312 6.560525 -0.964224 0.246095 -0.098534 0.218290 0.964169 0.150755 0 0 0 0 0 0 
12.126067 9.528327 6.380879 -0.885726 0.033254 0.463016 0.103658 0.983422 0.148783 0 0 0 0 0 0 
11.975266 10.001066 6.278194 -0.481610 -0.166586 0.860407 -0.010482 0.980586 0.195809 0 0 0 0 0 0 
11.707794 10.423204 6.331621 0.102111 -0.263875 0.959137 -0.089121 0.955004 0.282888 0 0 0 0 0 0 
11.432846 10.772757 6.566020 0.658907 -0.226057 0.717453 -0.091309 0.920501 0.379922 0 0 0 0 0 0 
11.273275 11.055027 6.942957 0.973258 -0.065448 0.220195 -0.042473 0.893205 0.447640 0 0 0 0 0 0 
11.296685 11.311937 7.368607 0.918830 0.141322 -0.368483 0.038147 0.893222 0.447995 0 0 0 0 0 0 
11.491921 11.604089 7.721494 0.512596 0.276716 -0.812818 0.109080 0.913133 0.392796 0 0 0 0 0 0 
11.729038 11.988192 7.969914 -0.178126 0.363539 -0.914391 0.107010 0.906913 0.407501 0 0 0 0 0 0 
11.569132 12.605943 8.643223 -0.920700 0.379235 -0.092151 -0.136833 -0.225267 0.964641 0 0 0 0 0 0 
11.467338 12.766933 9.176982 -0.933431 -0.170287 -0.315766 -0.218028 -0.412766 0.884358 0 0 0 0 0 0 
11.218778 12.794327 9.599233 -0.543386 -0.638572 -0.544938 -0.293480 -0.443755 0.846730 0 0 0 0 0 0 
10.860338 12.694954 9.923210 0.042910 -0.830997 -0.554620 -0.341585 -0.518519 0.783874 0 0 0 0 0 0 
10.499094 12.433880 10.130324 0.598459 -0.718745 -0.353911 -0.337750 -0.615936 0.711722 0 0 0 0 0 0 
10.240226 12.029285 10.247913 0.931188 -0.364518 0.003874 -0.274895 -0.695837 0.663509 0 0 0 0 0 0 
10.157975 11.550158 10.341021 0.915627 0.107316 0.387442 -0.177877 -0.742330 0.645992 0 0 0 0 0 0 
10.260404 11.087692 10.480562 0.546378 0.516874 0.659024 -0.082893 -0.736102 0.671775 0 0 0 0 0 0 
10.481502 10.723730 10.734245 -0.030322 0.714219 0.699265 -0.034136 -0.683419 0.729228 0 0 0 0 0 0 
10.707464 10.497932 11.122131 -0.600681 0.635776 0.484739 -0.057747 -0.611462 0.789164 0 0 0 0 0 0 
10.818716 10.401271 11.606162 -0.946141 0.311986 0.086504 -0.138989 -0.558158 0.818011 0 0 0 0 0 0 
10.739434 10.365312 12.108420 -0.933034 -0.117482 -0.340068 -0.250168 -0.532258 0.808775 0 0 0 0 0 0 
10.473081 10.322966 12.539215 -0.581423 -0.518046 -0.627356 -0.360550 -0.544831 0.757075 0 0 0 0 0 0 
10.081762 10.194105 12.837684 -0.021382 -0.749924 -0.661178 -0.435276 -0.596186 0.674609 0 0 0 0 0 0 
9.673535 9.937792 12.985816 0.534453 -0.731814 -0.422858 -0.452828 -0.669905 0.588365 0 0 0 0 0 0 
9.356528 9.552815 13.021494 0.879389 -0.476069 0.005781 -0.414057 -0.742096 0.527115 0 0 0 0 0 0 
9.209121 9.080766 13.029583 0.884395 -0.066622 0.461960 -0.343095 -0.782520 0.519565 0 0 0 0 0 0 
9.234310 8.595785 13.117704 0.548585 0.368389 0.750562 -0.274839 -0.776297 0.567297 0 0 0 0 0 0 
9.357476 8.174361 13.350276 -0.015827 0.656757 0.753936 -0.248845 -0.737489 0.627842 0 0 0 0 0 0 
9.387688 7.699272 13.661532 -0.745002 0.528684 0.406773 -0.157180 -0.887036 0.434121 0 0 0 0 0 0 
3.667309 10.082505 6.688990 -0.196003 0.005019 0.980590 0.593979 0.802476 0.056766 0 0 0 0 0 0 
3.721892 10.638902 6.793017 0.191906 -0.379168 0.905209 0.751531 0.653463 0.090484 0 0 0 0 0 0 
3.907798 11.035993 7.012186 0.456092 -0.763211 0.457701 0.783051 0.601864 0.156815 0 0 0 0 0 0 
4.192304 11.288704 7.324485 0.516804 -0.841421 -0.157873 0.841266 0.509924 0.179579 0 0 0 0 0 0 
4.584429 11.371484 7.609083 0.378850 -0.604783 -0.700507 0.903049 0.402567 0.149807 0 0 0 0 0 0 
5.045679 11.320199 7.768921 0.131350 -0.134018 -0.982235 0.944177 0.321335 0.072615 0 0 0 0 0 0 
5.523491 11.214479 7.744938 -0.129092 0.400794 -0.907028 0.959306 0.280051 -0.036094 0 0 0 0 0 0 
5.966189 11.150822 7.539834 -0.294827 0.817557 -0.494649 0.946629 0.294866 -0.130181 0 0 0 0 0 0 
6.342964 11.224656 7.225018 -0.316620 0.942534 0.106680 0.917269 0.356610 -0.177332 0 0 0 0 0 0 
6.652214 11.473411 6.923417 -0.210578 0.714322 0.667384 0.887670 0.435051 -0.150907 0 0 0 0 0 0 
6.920037 11.860899 6.746825 -0.019310 0.217637 0.975839 0.872788 0.483196 -0.069010 0 0 0 0 0 0 
7.185642 12.290816 6.762325 0.173048 -0.362765 0.915672 0.878212 0.476371 0.042606 0 0 0 0 0 0 
7.481267 12.648283 6.961367 0.305071 -0.804854 0.509060 0.900946 0.409885 0.142444 0 0 0 0 0 0 
7.824980 12.848044 7.269928 0.343586 -0.935599 -0.081265 0.930922 0.304682 0.201379 0 0 0 0 0 0 
8.216502 12.854041 7.577499 0.291223 -0.715886 -0.634584 0.960460 0.183965 0.208984 0 0 0 0 0 0 
8.642936 12.698893 7.781024 0.178069 -0.219121 -0.959311 0.983244 0.092394 0.157147 0 0 0 0 0 0 
9.084111 12.480365 7.807084 0.036685 0.375601 -0.926055 0.995851 0.058387 0.069791 0 0 0 0 0 0 
9.517323 12.316321 7.656629 -0.086937 0.843273 -0.530408 0.996272 0.086206 0.003247 0 0 0 0 0 0 
9.932856 12.306212 7.407333 -0.177639 0.980558 0.083368 0.986645 0.162117 -0.015802 0 0 0 0 0 0 
10.335219 12.468697 7.179609 -0.172394 0.717607 0.674775 0.978258 0.207333 0.004996 0 0 0 0 0 0 
10.965811 12.544483 7.018038 0.205863 0.128306 0.970133 0.935538 -0.321094 -0.147196 0 0 0 0 0 0 
11.701620 12.247464 6.901942 0.142285 -0.267830 0.952902 0.196118 -0.938578 -0.283918 0 0 0 0 0 0 
12.044568 11.889081 6.869926 -0.503297 -0.262332 0.823331 0.154935 -0.963311 -0.219150 0 0 0 0 0 0 
12.269695 11.461393 6.984623 -0.920705 -0.125129 0.369656 0.083482 -0.984733 -0.152746 0 0 0 0 0 0 
12.312032 10.997686 7.169705 -0.976947 0.067230 -0.202622 -0.035298 -0.991049 -0.128747 0 0 0 0 0 0 
12.149015 10.546940 7.324934 -0.677102 0.226256 -0.700243 -0.156964 -0.974542 -0.160094 0 0 0 0 0 0 
11.835987 10.154613 7.356967 -0.131858 0.268272 -0.954277 -0.245730 -0.940315 -0.235426 0 0 0 0 0 0 
11.478364 9.833939 7.207891 0.457573 0.177823 -0.871210 -0.278168 -0.900010 -0.335566 0 0 0 0 0 0 
11.190782 9.573341 6.891459 0.874697 -0.023378 -0.484107 -0.247302 -0.869644 -0.427271 0 0 0 0 0 0 
11.065173 9.329348 6.470229 0.967133 -0.241678 0.079030 -0.163258 -0.866739 -0.471286 0 0 0 0 0 0 
11.133455 9.046080 6.055621 0.693966 -0.382829 0.609797 -0.075859 -0.891213 -0.447197 0 0 0 0 0 0 
11.341628 8.684402 5.761628 0.158329 -0.378018 0.912159 -0.019712 -0.931297 -0.363728 0 0 0 0 0 0 
11.586004 8.249712 5.651115 -0.433810 -0.237899 0.869030 -0.019576 -0.966738 -0.255020 0 0 0 0 0 0 
11.749758 7.771267 5.724265 -0.861572 -0.024077 0.507065 -0.078191 -0.986304 -0.145223 0 0 0 0 0 0 
11.755450 7.301136 5.920244 -0.985266 0.163214 -0.051112 -0.173411 -0.982595 -0.066595 0 0 0 0 0 0 
11.567944 6.882819 6.137068 -0.755164 0.248503 -0.606608 -0.282380 -0.957955 -0.050826 0 0 0 0 0 0 
11.223205 6.535700 6.257355 -0.255027 0.199629 -0.946102 -0.364000 -0.926690 -0.093542 0 0 0 0 0 0 
10.818750 6.246407 6.202973 0.334983 0.045928 -0.941104 -0.379026 -0.909693 -0.169698 0 0 0 0 0 0 
10.478880 5.968656 5.966296 0.807744 -0.131884 -0.574593 -0.335464 -0.910415 -0.242091 0 0 0 0 0 0 
10.270405 5.637071 5.639628 0.959861 -0.276087 0.049419 -0.293881 -0.915340 -0.275294 0 0 0 0 0 0 
9.887651 5.135815 5.462424 0.424763 -0.400744 0.811776 -0.791427 -0.547089 -0.272650 0 0 0 0 0 0 
9.180321 4.734770 5.478025 -0.003457 -0.041394 0.999137 -0.936214 0.350431 -0.026481 0 0 0 0 0 0 
8.689612 4.653339 5.552544 0.288740 0.495896 0.818973 -0.919588 0.388864 0.056050 0 0 0 0 0 0 
8.258352 4.683246 5.785444 0.494437 0.811068 0.312572 -0.881595 0.453913 0.129435 0 0 0 0 0 0 
7.921862 4.872800 6.085955 0.509307 0.809190 -0.292946 -0.818750 0.550957 0.161539 0 0 0 0 0 0 
7.695147 5.219285 6.347654 0.314902 0.521824 -0.792803 -0.753166 0.644611 0.131216 0 0 0 0 0 0 
7.550071 5.673075 6.469908 -0.020777 0.060000 -0.997982 -0.708637 0.703780 0.050273 0 0 0 0 0 0 
7.426323 6.142238 6.401651 -0.383223 -0.409175 -0.828080 -0.704074 0.708729 -0.044528 0 0 0 0 0 0 
7.247169 6.537899 6.169231 -0.619091 -0.704690 -0.346610 -0.735827 0.667477 -0.114163 0 0 0 0 0 0 
6.953460 6.799013 5.864767 -0.629063 -0.730086 0.266934 -0.794062 0.593735 -0.130169 0 0 0 0 0 0 
6.540834 6.913993 5.604790 -0.407266 -0.470203 0.782971 -0.846211 0.526655 -0.080997 0 0 0 0 0 0 
6.046598 6.934109 5.499784 -0.033565 -0.032863 0.998896 -0.875022 0.483717 0.018833 0 0 0 0 0 0 
5.550062 6.937106 5.591062 0.334391 0.424190 0.841573 -0.866659 0.479511 0.137737 0 0 0 0 0 0 
5.124906 7.003458 5.856555 0.557281 0.736477 0.383457 -0.818873 0.519996 0.243003 0 0 0 0 0 0 
4.825349 7.192753 6.214270 0.538687 0.812158 -0.224090 -0.749412 0.591043 0.298414 0 0 0 0 0 0 
4.653625 7.524554 6.546646 0.283402 0.610006 -0.739984 -0.684382 0.667155 0.294151 0 0 0 0 0 0 
4.557542 7.969477 6.746516 -0.103206 0.200316 -0.974280 -0.650642 0.720947 0.238540 0 0 0 0 0 0 
4.455520 8.449606 6.766520 -0.471895 -0.279127 -0.836304 -0.668124 0.725294 0.166010 0 0 0 0 0 0 
4.259402 8.876253 6.627729 -0.652852 -0.661617 -0.368846 -0.721407 0.683309 0.112524 0 0 0 0 0 0 
3.942738 9.228289 6.469329 -0.597803 -0.740519 0.307024 -0.721665 0.684898 0.100566 0 0 0 0 0 0 
8.907991 8.657449 14.161540 0.509608 -0.767026 -0.389833 0.583470 0.655731 -0.479144 0 0 0 0 0 0 
9.387513 8.871783 14.112158 -0.010042 -0.681867 -0.731407 0.535358 0.620409 -0.573136 0 0 0 0 0 0 
9.815950 8.976080 13.886178 -0.564307 -0.365714 -0.740143 0.508055 0.568200 -0.647324 0 0 0 0 0 0 
10.136696 9.010916 13.504820 -0.889607 0.070986 -0.451176 0.426863 0.537669 -0.727118 0 0 0 0 0 0 
10.278369 9.052287 13.027184 -0.879362 0.476075 -0.008668 0.309601 0.546886 -0.777858 0 0 0 0 0 0 
10.235524 9.169558 12.544388 -0.539921 0.730704 0.417800 0.196798 0.595090 -0.779191 0 0 0 0 0 0 
10.060616 9.407197 12.146552 0.020681 0.751950 0.658895 0.116519 0.661368 -0.740956 0 0 0 0 0 0 
9.863571 9.777010 11.881915 0.580383 0.521408 0.625532 0.095957 0.734511 -0.671778 0 0 0 0 0 0 
9.760441 10.244822 11.751567 0.933938 0.116409 0.337948 0.149430 0.777509 -0.610860 0 0 0 0 0 0 
9.828938 10.737554 11.699018 0.941724 -0.322893 -0.094317 0.235730 0.774237 -0.587357 0 0 0 0 0 0 
10.082504 11.169302 11.631081 0.591781 -0.640268 -0.489748 0.316165 0.721777 -0.615692 0 0 0 0 0 0 
10.455316 11.472869 11.466831 0.024191 -0.715796 -0.697890 0.358535 0.641848 -0.677852 0 0 0 0 0 0 
10.835471 11.625757 11.168358 -0.550148 -0.513924 -0.658194 0.349971 0.555766 -0.754085 0 0 0 0 0 0 
11.111733 11.664333 10.745121 -0.914738 -0.112670 -0.388020 0.284000 0.485079 -0.827069 0 0 0 0 0 0 
11.212387 11.651726 10.251542 -0.933020 0.359812 -0.002977 0.181820 0.455792 -0.871318 0 0 0 0 0 0 
11.121362 11.683858 9.761744 -0.598216 0.718909 0.353988 0.080276 0.480254 -0.873448 0 0 0 0 0 0 
10.902195 11.835684 9.349319 -0.034305 0.831564 0.554368 0.019609 0.542248 -0.839990 0 0 0 0 0 0 
10.665499 12.138431 9.045968 0.551882 0.640288 0.534282 0.029212 0.611498 -0.790707 0 0 0 0 0 0 
10.534870 12.558756 8.831716 0.945738 0.185991 0.266434 0.071196 0.644843 -0.760991 0 0 0 0 0 0 
10.412287 12.998700 8.355605 0.766220 -0.369803 -0.525502 -0.534799 0.476002 -0.698149 0 0 0 0 0 0 
10.037214 13.258299 7.772334 0.273367 -0.778120 -0.565508 -0.955440 -0.079172 -0.284370 0 0 0 0 0 0 
9.692591 13.290721 7.406624 0.185388 -0.982124 0.032614 -0.942224 -0.173779 -0.286384 0 0 0 0 0 0 
9.377409 13.128959 7.064627 0.077539 -0.784900 0.614751 -0.925127 -0.276384 -0.260293 0 0 0 0 0 0 
9.078791 12.810331 6.838091 -0.061764 -0.293474 0.953970 -0.912986 -0.367230 -0.177759 0 0 0 0 0 0 
8.785252 12.419303 6.796842 -0.202067 0.297489 0.933097 -0.910058 -0.409993 -0.060829 0 0 0 0 0 0 
8.474789 12.070016 6.947040 -0.307642 0.761174 0.570939 -0.916956 -0.394337 0.060738 0 0 0 0 0 0 
8.132231 11.854574 7.229632 -0.349139 0.937061 -0.004255 -0.936254 -0.326118 0.130676 0 0 0 0 0 0 
7.738659 11.819573 7.532083 -0.294086 0.752366 -0.589456 -0.960287 -0.243308 0.136564 0 0 0 0 0 0 
7.296700 11.937311 7.731651 -0.147814 0.276674 -0.949528 -0.979873 -0.183414 0.078794 0 0 0 0 0 0 
6.824623 12.113964 7.748436 0.051680 -0.310723 -0.949095 -0.983082 -0.182595 -0.014418 0 0 0 0 0 0 
6.363865 12.226598 7.577678 0.236023 -0.774998 -0.586235 -0.964570 -0.242173 -0.104677 0 0 0 0 0 0 
5.949183 12.185430 7.285690 0.328820 -0.944354 -0.008557 -0.926346 -0.344464 -0.152404 0 0 0 0 0 0 
5.609316 11.955416 6.984681 0.282815 -0.770026 0.571905 -0.874399 -0.461458 -0.149942 0 0 0 0 0 0 
5.353059 11.570171 6.783708 0.099704 -0.329281 0.938953 -0.821875 -0.562077 -0.092684 0 0 0 0 0 0 
5.146756 11.111593 6.757661 -0.164584 0.214191 0.962826 -0.793521 -0.608508 0.006502 0 0 0 0 0 0 
4.940953 10.685581 6.922098 -0.407413 0.661744 0.629372 -0.792795 -0.600958 0.101614 0 0 0 0 0 0 
4.677480 10.385980 7.216087 -0.526540 0.848646 0.050548 -0.823766 -0.547539 0.147005 0 0 0 0 0 0 
4.317848 10.247094 7.519654 -0.443085 0.705809 -0.552728 -0.867674 -0.480265 0.128403 0 0 0 0 0 0 
3.858665 10.176939 7.734263 -0.215044 0.222619 -0.950893 -0.875249 -0.458991 0.152533 0 0 0 0 0 0 
3.338808 9.828425 8.000558 0.093809 -0.666947 -0.739176 -0.409545 -0.541421 0.734259 0 0 0 0 0 0 
3.015545 9.353792 8.463018 0.427185 -0.775204 -0.465372 0.319724 -0.328965 0.888571 0 0 0 0 0 0 
2.978926 9.009725 8.829583 0.805526 -0.284222 -0.519947 0.399486 -0.345928 0.848967 0 0 0 0 0 0 
3.128230 8.631033 9.106385 0.854250 0.327119 -0.404041 0.490852 -0.347131 0.799102 0 0 0 0 0 0 
3.447300 8.311453 9.305990 0.577710 0.803030 -0.146270 0.585397 -0.287172 0.758184 0 0 0 0 0 0 
3.883453 8.144617 9.466744 0.100258 0.979748 0.173329 0.654035 -0.190259 0.732147 0 0 0 0 0 0 
4.347995 8.168483 9.637763 -0.394605 0.795688 0.459529 0.672025 -0.073995 0.736823 0 0 0 0 0 0 
4.739786 8.356999 9.865526 -0.720137 0.308277 0.621585 0.643181 0.018538 0.765489 0 0 0 0 0 0 
4.996682 8.624403 10.189781 -0.757974 -0.293006 0.582771 0.576798 0.066163 0.814203 0 0 0 0 0 0 
5.102699 8.855248 10.613816 -0.495820 -0.792555 0.354992 0.511255 0.037261 0.858621 0 0 0 0 0 0 
5.110459 8.942355 11.105909 -0.040905 -0.999162 0.001586 0.476348 -0.039983 0.878347 0 0 0 0 0 0 
5.107500 8.845892 11.596938 0.430002 -0.831611 -0.351456 0.490467 -0.137690 0.860514 0 0 0 0 0 0 
5.181714 8.582780 12.018425 0.742728 -0.358085 -0.565801 0.543049 -0.222527 0.809679 0 0 0 0 0 0 
5.391545 8.242511 12.322845 0.794736 0.239796 -0.557577 0.628000 -0.263492 0.732249 0 0 0 0 0 0 
5.742977 7.934710 12.497016 0.583532 0.749453 -0.312747 0.712590 -0.247223 0.656579 0 0 0 0 0 0 
6.200829 7.757428 12.584182 0.189031 0.979125 0.074712 0.780918 -0.179678 0.598233 0 0 0 0 0 0 
6.692437 7.762774 12.651272 -0.247933 0.844561 0.474602 0.805724 -0.089301 0.585520 0 0 0 0 0 0 
7.138096 7.931214 12.788015 -0.581501 0.387371 0.715402 0.782462 -0.023722 0.622246 0 0 0 0 0 0 
7.475894 8.174064 13.053039 -0.691303 -0.218910 0.688606 0.729297 -0.016050 0.684008 0 0 0 0 0 0 
7.692933 8.366514 13.446032 -0.539483 -0.750126 0.382452 0.678133 -0.068425 0.731747 0 0 0 0 0 0 
8.043257 8.461878 13.907029 -0.001666 -0.999952 0.009644 0.806736 0.055971 0.588255 0 0 0 0 0 0 
