t = 0
b = 17 17 17
E = 0 0 0
2.703822374343872 -3.1885693073272705 3.649958372116089 -0.9611546993255615 -0.27327001094818115 -0.03804802894592285 0.027719144505214337 0.04154746293422283 -0.9986341659742372 0 0 0 0 0 0
2.7016615867614746 -3.5416340827941895 3.2449722290039062 -0.9395676851272583 0.34223318099975586 -0.011873245239257812 0.027742061951208184 0.04152504155228432 -0.9984041959626331 0 0 0 0 0 0
2.48533296585083 -3.8167412281036377 2.8372631072998047 -0.5609738826751709 0.8276516199111938 0.018826723098754883 0.02776232166821351 0.041528705262082646 -0.9984404989695546 0 0 0 0 0 0
2.14106822013855 -3.903139591217041 2.433847188949585 0.030905604362487793 0.998576283454895 0.042368173599243164 0.027754424978559438 0.04151815051724804 -0.9987876304841731 0 0 0 0 0 0
1.803908109664917 -3.7619476318359375 2.040090322494507 0.6108415126800537 0.790245532989502 0.049833059310913086 0.027745840450715396 0.041521775424715246 -0.9985481403460951 0 0 0 0 0 0
1.6060079336166382 -3.4405274391174316 1.6575450897216797 0.9587723016738892 0.281485915184021 0.03836333751678467 0.027763430038431885 0.0415337114516808 -0.9986086972363506 0 0 0 0 0 0
1.6265757083892822 -3.0549607276916504 1.283892035484314 0.9424501657485962 -0.3341400623321533 0.012311041355133057 0.027770764900353514 0.04153275173015659 -0.9986812144235718 0 0 0 0 0 0
1.8620760440826416 -2.7456135749816895 0.9130407571792603 0.5679059028625488 -0.8226156234741211 -0.01840919256210327 0.027777197973925576 0.04152995691460944 -0.9988681819562634 0 0 0 0 0 0
2.226902961730957 -2.6236937046051025 0.5380581021308899 -0.022007226943969727 -0.9989362955093384 -0.04214644432067871 0.02776563366981044 0.04150667924976133 -0.9982709974284257 0 0 0 0 0 0
2.5868239402770996 -2.729551315307617 0.15341612696647644 -0.6038284301757812 -0.7955664396286011 -0.049860961735248566 0.027766836641772225 0.04150033182352029 -0.9984299315550311 0 0 0 0 0 0
2.8090853691101074 -3.0166642665863037 -0.24259813129901886 -0.9562158584594727 -0.29006898403167725 -0.038655661046504974 0.027767657493627723 0.04150884013498648 -0.9983609253904088 0 0 0 0 0 0
2.8133652210235596 -3.3699207305908203 -0.6474381685256958 -0.94535231590271 0.3256797790527344 -0.012738704681396484 0.027762325490448856 0.04153674766752502 -0.9983354047672118 0 0 0 0 0 0
2.6021790504455566 -3.648956298828125 -1.0551679134368896 -0.5753403902053833 0.8177042007446289 0.01800239086151123 0.027764670415611706 0.041518970954862976 -0.9985396266435005 0 0 0 0 0 0
2.2598156929016113 -3.741546630859375 -1.458794116973877 0.01329958438873291 0.9989982843399048 0.04191011190414429 0.02777676574339864 0.04151658080858046 -0.9984323720057522 0 0 0 0 0 0
1.920483112335205 -3.6064019203186035 -1.8528656959533691 0.5968832969665527 0.8008235692977905 0.04989326000213623 0.027769382133686522 0.041518755011511324 -0.9986174072743421 0 0 0 0 0 0
1.7172770500183105 -3.288691520690918 -2.235421895980835 0.9535962343215942 0.2981775999069214 0.038910508155822754 0.027761646191881612 0.04154459718464654 -0.9987294277715342 0 0 0 0 0 0
1.7314014434814453 -2.9030299186706543 -2.609189987182617 0.9480911493301392 -0.31761765480041504 0.013117194175720215 0.027745876557527346 0.04158017268051136 -0.998614710291025 0 0 0 0 0 0
1.9617408514022827 -2.589752435684204 -2.980034351348877 0.5821594595909119 -0.8127015829086304 -0.017592906951904297 0.02778263488150425 0.04152690967229758 -0.998985645942353 0 0 0 0 0 0
2.3247334957122803 -2.461707353591919 -3.3548812866210938 -0.0047647953033447266 -0.999072790145874 -0.041655898094177246 0.02773016205495263 0.04151144471506988 -0.9987801330397229 0 0 0 0 0 0
2.686657428741455 -2.5613934993743896 -3.7392141819000244 -0.5898898839950562 -0.8060067892074585 -0.04990994930267334 0.02776782294669088 0.041504226313676965 -0.9984511453666418 0 0 0 0 0 0
2.828305959701538 -1.5635923147201538 -4.511770248413086 -0.9550905227661133 0.16838639974594116 -0.24342775344848633 0.012324485967108282 0.8446200600075658 0.5358942415755876 0 0 0 0 0 0
2.8283615112304688 -1.0363709926605225 -4.615134239196777 -0.9472131729125977 -0.1618829369544983 0.2769458293914795 0.012311701335199128 0.8443174797491902 0.5356368765524697 0 0 0 0 0 0
2.6124625205993652 -0.5459434986114502 -4.655415058135986 -0.5794292688369751 -0.4306718707084656 0.6920802593231201 0.012405772725913571 0.8442311865521732 0.5357397314083445 0 0 0 0 0 0
2.2645652294158936 -0.15378445386886597 -4.537889003753662 0.008468031883239746 -0.5358356982469559 0.8442056179046631 0.012394820693690887 0.8442041429283531 0.5357104324591675 0 0 0 0 0 0
1.9185320138931274 0.11628398299217224 -4.2279510498046875 0.5932274460792542 -0.4374815057963133 0.6755048036575317 0.012510737506302693 0.844352685172096 0.5358466280520008 0 0 0 0 0 0
1.707805871963501 0.28657785058021545 -3.764014959335327 0.952485203742981 -0.17285548150539398 0.25030195713043213 0.012416162066894797 0.8443956531270235 0.5358815731370608 0 0 0 0 0 0
1.7141612768173218 0.4174734950065613 -3.2429158687591553 0.9499195218086243 0.15744313597679138 -0.2701479196548462 0.012416326245840105 0.8444973829614099 0.5358354310951262 0 0 0 0 0 0
1.937117338180542 0.5842838883399963 -2.783484935760498 0.5864119529724121 0.4277767241001129 -0.6876736879348755 0.012424871695000596 0.8441241635198675 0.535694136832033 0 0 0 0 0 0
2.2936766147613525 0.8485723733901978 -2.480678081512451 0.000209808349609375 0.53577721118927 -0.8443719148635864 0.012300516222095438 0.8441113789529189 0.5356149504008515 0 0 0 0 0 0
2.650315046310425 1.235012173652649 -2.370419979095459 -0.5862188339233398 0.4402199387550354 -0.6801187992095947 0.01255607354843659 0.8443129462842184 0.5356752189948322 0 0 0 0 0 0
2.8733062744140625 1.7217812538146973 -2.4151008129119873 -0.949866771697998 0.1773938536643982 -0.2575880289077759 0.012396256459635635 0.8442109318717053 0.5356733346303214 0 0 0 0 0 0
2.879765510559082 2.2490007877349854 -2.5185129642486572 -0.9525638818740845 -0.1528841257095337 0.26279568672180176 0.01236812073643247 0.8440029429950888 0.5358386162758082 0 0 0 0 0 0
2.669140577316284 2.741349935531616 -2.562070608139038 -0.5935168266296387 -0.4250127077102661 0.6834352016448975 0.012420648926928997 0.8441314188022516 0.5357324925947922 0 0 0 0 0 0
2.3231568336486816 3.1368298530578613 -2.4497570991516113 -0.008802413940429688 -0.5357259511947632 0.8443361520767212 0.012532193703438797 0.8441619785447094 0.5357460904194162 0 0 0 0 0 0
1.9751513004302979 3.410153388977051 -2.1450374126434326 0.5792456865310669 -0.4428839683532715 0.6845298409461975 0.012397281368903239 0.8441929364625574 0.5356938793081939 0 0 0 0 0 0
1.7592496871948242 3.582509756088257 -1.684166431427002 0.9470587968826294 -0.18162131309509277 0.26434630155563354 0.012399434947761473 0.8447955295397862 0.5360009903464042 0 0 0 0 0 0
1.7591716051101685 3.7134945392608643 -1.1630973815917969 0.9552982449531555 0.14845013618469238 -0.25603562593460083 0.012395739997142607 0.8443625297359904 0.5358135638036828 0 0 0 0 0 0
1.9768491983413696 3.878373622894287 -0.7003662586212158 0.6005337834358215 0.4216349124908447 -0.6791436672210693 0.012285698032438697 0.8445791867273916 0.5352064161862313 0 0 0 0 0 0
2.331326484680176 4.139207363128662 -0.3924340307712555 0.017758607864379883 0.5354869365692139 -0.844280794262886 0.012995102969276313 0.8439588341574644 0.5355560717522425 0 0 0 0 0 0
2.6898961067199707 4.522310733795166 -0.276943564414978 -0.571819543838501 0.4454362392425537 -0.6887950003147125 0.012257342851074363 0.8440981334322232 0.5356933626715438 0 0 0 0 0 0
2.7976484298706055 4.6927900314331055 0.9767586588859558 -0.9621375799179077 0.1254427433013916 0.24184390902519226 0.001000771742195743 -0.8861589962533423 0.4636258818560261 0 0 0 0 0 0
2.7841262817382812 4.518729209899902 1.4849148988723755 -0.939057469367981 -0.16007065773010254 -0.30401259660720825 0.000968967432531012 -0.8863385841826121 0.463687641925965 0 0 0 0 0 0
2.5566208362579346 4.3082051277160645 1.923787236213684 -0.5593329668045044 -0.38477420806884766 -0.7341933250427246 0.0007741107857419151 -0.8858717539808532 0.4636757176814554 0 0 0 0 0 0
2.201571464538574 4.009950160980225 2.1952967643737793 0.03286421298980713 -0.4631727933883667 -0.885365903377533 0.000909673846294975 -0.8867026815386957 0.4639058857602394 0 0 0 0 0 0
1.854042887687683 3.606161117553711 2.2651937007904053 0.6127658486366272 -0.36588072776794434 -0.7009780406951904 0.0012815357355779801 -0.885285615281219 0.4632017091607335 0 0 0 0 0 0
1.6460998058319092 3.11893630027771 2.1751065254211426 0.9599435329437256 -0.12940645217895508 -0.2491825819015503 0.0008696479773629768 -0.8861106502267085 0.4635285803454223 0 0 0 0 0 0
1.6570113897323608 2.6022183895111084 2.0281758308410645 0.9423664212226868 0.15616536140441895 0.29683589935302734 0.0008618554783466049 -0.8859216442348185 0.4633472244595746 0 0 0 0 0 0
1.882650375366211 2.1211178302764893 1.9489099979400635 0.5668163299560547 0.3824305534362793 0.7300126552581787 0.0008872168980898379 -0.8859285812019398 0.4634211011977317 0 0 0 0 0 0
2.237582206726074 1.7271300554275513 2.03607177734375 -0.024265050888061523 0.4634574055671692 0.8858972787857056 0.0007933894941578733 -0.8865080215262855 0.4637986470290262 0 0 0 0 0 0
2.5869038105010986 1.4387729167938232 2.3251712322235107 -0.6058782339096069 0.36845862865448 0.7051986455917358 0.0008611523467724184 -0.8864270929948822 0.4638883903067648 0 0 0 0 0 0
2.7980456352233887 1.2344545125961304 2.7749264240264893 -0.9572052955627441 0.13332366943359375 0.25672078132629395 0.0010308181278829783 -0.885991535892907 0.46396846647069645 0 0 0 0 0 0
2.7909996509552 1.0604912042617798 3.283235788345337 -0.9449547529220581 -0.15234053134918213 -0.28937816619873047 0.0008195163118553275 -0.8861836994708129 0.4638473302239469 0 0 0 0 0 0
2.5686211585998535 0.8518288731575012 3.725604772567749 -0.5737322568893433 -0.380118191242218 -0.7255256175994873 0.0008052558026794738 -0.8859988415484656 0.46355672040338497 0 0 0 0 0 0
2.215374231338501 0.556523323059082 4.0022664070129395 0.015574097633361816 -0.4634804278612137 -0.8852887153625488 0.0005082693277976664 -0.886908516276796 0.4643373933276827 0 0 0 0 0 0
1.8657034635543823 0.15559935569763184 4.0772175788879395 0.5988767743110657 -0.3709243074990809 -0.7091343402862549 0.00015625723518199097 -0.886965923591284 0.4640739858677621 0 0 0 0 0 0
1.652494192123413 -0.32992133498191833 3.990960121154785 0.9548187255859375 -0.1372075080871582 -0.263938307762146 0.0010436825648762866 -0.884728975911234 0.46369921369689154 0 0 0 0 0 0
1.6569920778274536 -0.8467038869857788 3.843966007232666 0.9479716420173645 0.14841318130493164 0.2821993827819824 0.0007556737997763 -0.8859077653178086 0.46337462248023104 0 0 0 0 0 0
1.8774083852767944 -1.3296058177947998 3.761291027069092 0.5812808871269226 0.3777986764907837 0.7195603847503662 0.000636162243840383 -0.8854185018751065 0.4643670722802968 0 0 0 0 0 0
2.2304394245147705 -1.726430892944336 3.842961311340332 -0.0067102909088134766 0.46359360218048096 0.8845579624176025 0.00004279434240497807 -0.8871873535990591 0.4649719811490083 0 0 0 0 0 0
2.581862688064575 -2.0176680088043213 4.126017093658447 -0.5918139219284058 0.3734278678894043 0.7144927978515625 0.001219762596078507 -0.8852796812189885 0.4636995324871778 0 0 0 0 0 0
2.0035667419433594 5.056856155395508 -1.103489875793457 0.5719661712646484 -0.4453706741333008 0.6887935101985931 -0.012353544527414518 -0.8443820381443526 -0.5357152506897441 0 0 0 0 0 0
2.3524792194366455 4.781880855560303 -1.4056270122528076 -0.01759648323059082 -0.535503625869751 0.8443135023117065 -0.012334428520513738 -0.8444563445559392 -0.5358512871395642 0 0 0 0 0 0
2.6974079608917236 4.384777069091797 -1.5153542757034302 -0.6005018949508667 -0.42215943336486816 0.6792306900024414 -0.01247458120661228 -0.8443167703239293 -0.5357933679239177 0 0 0 0 0 0
2.905435800552368 3.8916406631469727 -1.4702363014221191 -0.9552866220474243 -0.1484757661819458 0.25601327419281006 -0.012243197084854664 -0.8440761224167068 -0.5352090113685449 0 0 0 0 0 0
2.8957667350769043 3.364492893218994 -1.366772174835205 -0.9471917152404785 0.18166065216064453 -0.26450932025909424 -0.012308781295721341 -0.8442760834236764 -0.535757938932185 0 0 0 0 0 0
2.6701745986938477 2.878713846206665 -1.3236095905303955 -0.579177737236023 0.44292688369750977 -0.6845548748970032 -0.012161506203147484 -0.844112792500255 -0.5358760684925563 0 0 0 0 0 0
2.312533378601074 2.4939424991607666 -1.4364601373672485 0.008842945098876953 0.5357325077056885 -0.8444255590438843 -0.012448142415863795 -0.8442534051095262 -0.5357536460769875 0 0 0 0 0 0
1.9569429159164429 2.2312662601470947 -1.7418253421783447 0.5935457348823547 0.42505860328674316 -0.683547854423523 -0.012314682580599551 -0.8442916891544647 -0.5357090525718506 0 0 0 0 0 0
1.7366796731948853 2.0655088424682617 -2.203063726425171 0.9525570273399353 0.15288710594177246 -0.26282191276550293 -0.012254272370708528 -0.8445971108825879 -0.5357274047271077 0 0 0 0 0 0
1.73348069190979 1.9346017837524414 -2.724151611328125 0.9498691558837891 -0.17742305994033813 0.2575951814651489 -0.012348477491838398 -0.8442754345198058 -0.5359746729269441 0 0 0 0 0 0
1.9468119144439697 1.7632420063018799 -3.186501979827881 0.5862236022949219 -0.4402253031730652 0.6801354885101318 -0.01223234121506367 -0.8441281419899169 -0.5358280610987457 0 0 0 0 0 0
2.2938554286956787 1.4915485382080078 -3.4938924312591553 -0.00024378299713134766 -0.5358245968818665 0.844375491142273 -0.012272235119001986 -0.8443347801327364 -0.5358023056166508 0 0 0 0 0 0
2.6407833099365234 1.097671627998352 -3.6087732315063477 -0.5863779783248901 -0.4277835786342621 0.6876963376998901 -0.012530694818712499 -0.8442411041082216 -0.5358472686838294 0 0 0 0 0 0
2.8541059494018555 0.6063554286956787 -3.5669326782226562 -0.9500718116760254 -0.15739724040031433 0.26998698711395264 -0.012406720799941911 -0.8439662320809594 -0.5356748233458827 0 0 0 0 0 0
2.8508620262145996 0.07908632606267929 -3.463418960571289 -0.9526485204696655 0.17293022945523262 -0.2506113052368164 -0.012301931436015073 -0.8441863459577887 -0.5357536508624003 0 0 0 0 0 0
2.6304328441619873 -0.4087182581424713 -3.4170665740966797 -0.5932778120040894 0.4374675080180168 -0.6758284568786621 -0.012374833965973081 -0.8443621602220783 -0.5356970278373703 0 0 0 0 0 0
2.2748212814331055 -0.7968118190765381 -3.5247251987457275 -0.008592605590820312 0.5358599126338959 -0.8442997932434082 -0.012465585849349668 -0.8444511810127066 -0.5358291306462183 0 0 0 0 0 0
1.9172810316085815 -1.0627954006195068 -3.8249330520629883 0.5792829394340515 0.43071746826171875 -0.69205641746521 -0.012304618499792908 -0.8441524768113478 -0.5356775312770709 0 0 0 0 0 0
1.6917446851730347 -1.2305394411087036 -4.2828474044799805 0.9471794962882996 0.16179382801055908 -0.27701377868652344 -0.012506954003749682 -0.8441207463708802 -0.5357851077140952 0 0 0 0 0 0
1.6821571588516235 -1.3614453077316284 -4.803793907165527 0.9550085663795471 -0.16844063997268677 0.24319052696228027 -0.012459558188710123 -0.84447222292418 -0.5359767030941982 0 0 0 0 0 0
0.7209685444831848 -2.1488583087921143 -5.06572961807251 0.15983596444129944 -0.7054483890533447 0.6904411315917969 -0.8218079079671805 0.2929575381963955 0.48957234363746854 0 0 0 0 0 0
0.22639355063438416 -2.3420701026916504 -4.983518600463867 0.45076511800289154 -0.19305408000946045 0.8715033531188965 -0.8211620803088076 0.2931710847815371 0.48967005641521 0 0 0 0 0 0
-0.1654627025127411 -2.5793282985687256 -4.702600002288818 0.5703462660312653 0.39273738861083984 0.7214462757110596 -0.8212480961619762 0.2931243522020121 0.4896759528781509 0 0 0 0 0 0
-0.42724454402923584 -2.7269864082336426 -4.2572526931762695 0.4732097312808037 0.8291995525360107 0.29730796813964844 -0.8211255859861337 0.2929998281226093 0.4897591289968423 0 0 0 0 0 0
-0.581196665763855 -2.6856446266174316 -3.74418306350708 0.19640326499938965 0.9507465362548828 -0.23954272270202637 -0.8208029695227077 0.2929256106459951 0.48963969868736806 0 0 0 0 0 0
-0.6903480887413025 -2.427563428878784 -3.2857067584991455 -0.15518635511398315 0.7110333442687988 -0.6858271360397339 -0.8211735994325264 0.2931571340749258 0.4897435776438212 0 0 0 0 0 0
-0.8348667025566101 -2.0073788166046143 -2.983552932739258 -0.447801798582077 0.2011638879776001 -0.8713579177856445 -0.8211546184007166 0.29304829141890654 0.489655559434304 0 0 0 0 0 0
-1.0814659595489502 -1.5414186716079712 -2.8800835609436035 -0.5701518058776855 -0.3849273920059204 -0.7255744934082031 -0.8211664584973318 0.29322616558932474 0.4897067899689005 0 0 0 0 0 0
-1.4579793214797974 -1.1631194353103638 -2.941957950592041 -0.47606736421585083 -0.8251136541366577 -0.3044426441192627 -0.8210332844577934 0.2930056397061523 0.48976120949173635 0 0 0 0 0 0
-1.9430800676345825 -0.9729713201522827 -3.0732338428497314 -0.20087212324142456 -0.9516119956970215 0.23250222206115723 -0.8211634225074509 0.2930378230941684 0.48992851092891065 0 0 0 0 0 0
-2.4738855361938477 -0.999674916267395 -3.1514763832092285 0.15027940273284912 -0.7166573405265808 0.681082010269165 -0.8210576306444375 0.2931002745697915 0.48957468938507903 0 0 0 0 0 0
-2.970506191253662 -1.1897778511047363 -3.0744922161102295 0.4446655511856079 -0.20939886569976807 0.870775580406189 -0.8211550474445672 0.2932879702506387 0.4898547222416135 0 0 0 0 0 0
-3.3657634258270264 -1.427583932876587 -2.7990245819091797 0.5699455738067627 0.37733137607574463 0.7298243045806885 -0.8211273150710031 0.2930607305471265 0.48973001828267215 0 0 0 0 0 0
-3.631118059158325 -1.5793784856796265 -2.3573319911956787 0.4788088798522949 0.8207651972770691 0.3119361400604248 -0.8208349450077373 0.29278419133681965 0.48957451987134437 0 0 0 0 0 0
-3.787294864654541 -1.5441105365753174 -1.8443140983581543 0.2057969570159912 0.9524771571159363 -0.22524863481521606 -0.8214305504174404 0.2932126971178109 0.48937250428006734 0 0 0 0 0 0
-3.896712303161621 -1.2916842699050903 -1.3827548027038574 -0.1452857255935669 0.722038745880127 -0.6763523817062378 -0.8213810195121607 0.2927127431690063 0.4889239519720009 0 0 0 0 0 0
-4.038992881774902 -0.8746482729911804 -1.0753765106201172 -0.441511869430542 0.21749839186668396 -0.8705541491508484 -0.8211764967599182 0.29306106869779786 0.48968749593947336 0 0 0 0 0 0
-4.282094478607178 -0.40805771946907043 -0.966456949710846 -0.5697870254516602 -0.36972783505916595 -0.7339023053646088 -0.8211726931567307 0.2932868201590065 0.48978895763046376 0 0 0 0 0 0
-4.655077934265137 -0.02574782818555832 -1.0248081684112549 -0.48147082328796387 -0.8164514042437077 -0.3187739849090576 -0.8211174482843024 0.29306678474525943 0.4895923547325371 0 0 0 0 0 0
-5.137795925140381 0.1704636812210083 -1.1558704376220703 -0.21041274070739746 -0.9530988708138466 0.2178025245666504 -0.8212925788469738 0.2931978595186974 0.48960004759649695 0 0 0 0 0 0
-5.3790178298950195 1.2552111148834229 -0.541333794593811 0.1854097843170166 -0.2875712513923645 0.9395861625671387 0.8205207054566181 0.571686013809307 0.013056700765769817 0 0 0 0 0 0
-5.228384971618652 1.7155834436416626 -0.3088790774345398 0.4672670364379883 -0.6835192441940308 0.5606348626315594 0.8204407473439904 0.5715829780823442 0.013062064235978516 0 0 0 0 0 0
-4.971255302429199 2.020198345184326 0.05138932168483734 0.5717027187347412 -0.819956362247467 -0.031163282692432404 0.8202793417040568 0.5714351903355012 0.012964290394370493 0 0 0 0 0 0
-4.583782196044922 2.1379106044769287 0.40455880761146545 0.45890212059020996 -0.6449678540229797 -0.6114201620221138 0.8201699789221879 0.5713594952498185 0.012870421248239613 0 0 0 0 0 0
-4.091723918914795 2.1086316108703613 0.6183295845985413 0.17180323600769043 -0.22463738918304443 -0.9591764211654663 0.8204012265928408 0.5715190702462621 0.01309772995631216 0 0 0 0 0 0
-3.5605244636535645 2.028106689453125 0.6135277152061462 -0.18068373203277588 0.2808666229248047 -0.9427117556333542 0.8204233114023337 0.5716107285543579 0.013057256507338173 0 0 0 0 0 0
-3.070478677749634 2.011640787124634 0.39377108216285706 -0.46439945697784424 0.6795811653137207 -0.5678791180253029 0.820410845839571 0.571580984088612 0.013096660354994986 0 0 0 0 0 0
-2.6863152980804443 2.1501150131225586 0.04462527111172676 -0.5717211961746216 0.8200699090957642 0.022424068301916122 0.8203255223345834 0.5715401965835524 0.013136413111319634 0 0 0 0 0 0
-2.4325075149536133 2.475552558898926 -0.2994452714920044 -0.46179652214050293 0.6490218639373779 0.6044557970017195 0.8205590124243141 0.571684225046891 0.013062554556066133 0 0 0 0 0 0
-2.283940315246582 2.948927879333496 -0.5057076811790466 -0.1764434576034546 0.23140132427215576 0.9566683694720268 0.820673614899557 0.5717089428460548 0.013074837742253032 0 0 0 0 0 0
-2.1755940914154053 3.475008964538574 -0.49387797713279724 0.17592966556549072 -0.274088978767395 0.9454914182424545 0.8203940275769283 0.5715995905977175 0.013048771156684114 0 0 0 0 0 0
-2.0271859169006348 3.9386861324310303 -0.26656943559646606 0.461617112159729 -0.6755805015563965 0.575137659907341 0.8201529767336592 0.5715665632918397 0.013114385265233706 0 0 0 0 0 0
-1.7734878063201904 4.248331069946289 0.09190911054611206 0.5716472864151001 -0.8203095197677612 -0.013874620199203491 0.820574422913684 0.5716123409691555 0.012980337041644655 0 0 0 0 0 0
-1.3895847797393799 4.371042728424072 0.4471454322338104 0.4648721218109131 -0.6535243988037109 -0.5974171310663223 0.8202257534060667 0.5714884331248253 0.013087089844078838 0 0 0 0 0 0
-0.8996918797492981 4.344731330871582 0.6662757396697998 0.18125265836715698 -0.23836612701416016 -0.9540946781635284 0.8204606291007139 0.5715782786938306 0.013065547704783636 0 0 0 0 0 0
-0.3684679865837097 4.264100551605225 0.6678673624992371 -0.17113029956817627 0.26732325553894043 -0.9482516348361969 0.8205279688863654 0.5716251812905755 0.013067741552782295 0 0 0 0 0 0
0.12372153252363205 4.244467258453369 0.4532782733440399 -0.45849448069930077 0.6713664531707764 -0.5821247026324272 0.8204643104240792 0.5716654194832926 0.0130876204088778 0 0 0 0 0 0
0.5114012956619263 4.377803325653076 0.10600710660219193 -0.5716855078935623 0.8205461502075195 0.005132351070642471 0.8204630863129956 0.5715464314090102 0.012982792552179169 0 0 0 0 0 0
0.7687424421310425 4.698264122009277 -0.24007825553417206 -0.46765923500061035 0.6577527523040771 0.5903185007628053 0.8205699391263598 0.5716997693315082 0.013060768410548417 0 0 0 0 0 0
0.9195225238800049 5.16858434677124 -0.45161038637161255 -0.1859685778617859 0.24511456489562988 0.9514275006949902 0.8206725213502922 0.5716767166704646 0.013130808189789506 0 0 0 0 0 0
0.5816203951835632 -3.327618360519409 4.4032392501831055 0.17765894532203674 0.9468460083007812 0.26825785636901855 -0.8071785386593441 0.2960840749886332 -0.510492175376342 0 0 0 0 0 0
0.0892321839928627 -3.1485722064971924 4.522286415100098 0.47398364171385765 0.8407264947891235 -0.2618288993835449 -0.8072071026853719 0.2960967690500552 -0.5105111150868907 0 0 0 0 0 0
-0.2951769232749939 -2.777878761291504 4.581661701202393 0.5901648383587599 0.41524291038513184 -0.6923878192901611 -0.8072092112503305 0.29613382675724537 -0.5104350650700572 0 0 0 0 0 0
-0.5450096726417542 -2.312490701675415 4.483195781707764 0.4822014272212982 -0.1679927110671997 -0.8597815036773682 -0.8072041143729352 0.296076753601072 -0.5105642662158002 0 0 0 0 0 0
-0.6849517822265625 -1.8854262828826904 4.188755035400391 0.19098982214927673 -0.6874281167984009 -0.6999224424362183 -0.808075959176102 0.29581535787255175 -0.5110367326750177 0 0 0 0 0 0
-0.7813513278961182 -1.6150386333465576 3.7348780632019043 -0.17271742224693298 -0.9457150101661682 -0.2758157253265381 -0.8058053343280301 0.29599532223801933 -0.5103066506990008 0 0 0 0 0 0
-0.9170838594436646 -1.5602047443389893 3.2178099155426025 -0.47080546617507935 -0.8447599411010742 0.25437474250793457 -0.8072541735762009 0.29617757174007375 -0.5105095269026841 0 0 0 0 0 0
-1.1602317094802856 -1.6979674100875854 2.758807897567749 -0.5899244546890259 -0.42277127504348755 0.6878232955932617 -0.8075645586105684 0.29651196161217724 -0.510371405035524 0 0 0 0 0 0
-1.5378466844558716 -1.9320893287658691 2.456679582595825 -0.48501789569854736 0.1598292589187622 0.8598577976226807 -0.8073577165932799 0.2962336891578965 -0.5104678389804448 0 0 0 0 0 0
-2.0259745121002197 -2.1297457218170166 2.350593328475952 -0.19580602645874023 0.6815871596336365 0.7050025463104248 -0.8072823114092236 0.29622645123546915 -0.5106008326030917 0 0 0 0 0 0
-2.558783531188965 -2.172029495239258 2.4051575660705566 0.16786813735961914 0.9444531798362732 0.28249382972717285 -0.8072420370342159 0.2961551669659429 -0.5104340585062299 0 0 0 0 0 0
-3.0533335208892822 -1.999021053314209 2.524129629135132 0.4676145315170288 0.8484554290771484 -0.24744272232055664 -0.807429310377169 0.2961623913124705 -0.5103608977596092 0 0 0 0 0 0
-3.441337823867798 -1.632648229598999 2.586711883544922 0.5898922681808472 0.4302409291267395 -0.6833189725875854 -0.8073849851953849 0.29642745405283394 -0.5103545356586752 0 0 0 0 0 0
-3.694836139678955 -1.16819429397583 2.4934816360473633 0.48797130584716797 -0.15144765377044678 -0.8595418930053711 -0.807126868251808 0.29646683920239925 -0.5104509305172072 0 0 0 0 0 0
-3.8370652198791504 -0.7382284998893738 2.2043228149414062 0.20063400268554688 -0.6758134067058563 -0.7097163796424866 -0.806586778106867 0.2968613334348866 -0.5106992219276036 0 0 0 0 0 0
-3.93356990814209 -0.4623369574546814 1.753307819366455 -0.16298651695251465 -0.9432084858417511 -0.28943300247192383 -0.8075365074998128 0.29643938687898425 -0.5112982324361796 0 0 0 0 0 0
-4.067478656768799 -0.4014456272125244 1.2364915609359741 -0.464632511138916 -0.8523215353488922 0.24032354354858398 -0.8072646068351211 0.2961263516262155 -0.5105055998279578 0 0 0 0 0 0
-4.307065963745117 -0.5348540544509888 0.7744359970092773 -0.589679479598999 -0.43760329484939575 0.6787201762199402 -0.8073983123847148 0.296219523651308 -0.5104895791624745 0 0 0 0 0 0
-4.681002616882324 -0.7679941654205322 0.4670720398426056 -0.49090147018432617 0.14328092336654663 0.8592849224805832 -0.8072337201206018 0.2960179387976031 -0.5105244280641518 0 0 0 0 0 0
-5.1668925285339355 -0.9684991836547852 0.35554561018943787 -0.20546197891235352 0.6698256731033325 0.7135381549596786 -0.8072761037708326 0.2961877785197551 -0.5104964904672398 0 0 0 0 0 0
-5.390229225158691 -0.9732275605201721 -0.8945201635360718 0.21028399467468262 0.9530675411224365 -0.21770060062408447 0.8213187009753106 -0.2930681730183671 -0.4896797959773601 0 0 0 0 0 0
-5.232873916625977 -1.0055272579193115 -1.4072178602218628 0.4814326763153076 0.8164416253566742 0.31860828399658203 0.821272783080971 -0.2931873989409215 -0.4896833047186087 0 0 0 0 0 0
-4.965779781341553 -0.8517104387283325 -1.8473222255706787 0.5697190761566162 0.369684100151062 0.7340490818023682 0.8211993714653754 -0.2931037812484703 -0.4897453706327535 0 0 0 0 0 0
-4.568775653839111 -0.6136249899864197 -2.120166063308716 0.441516637802124 -0.21751180291175842 0.8709478378295898 0.8207662234285669 -0.2933258871618692 -0.4893333072725123 0 0 0 0 0 0
-4.071183681488037 -0.4251428246498108 -2.194401741027832 0.14562249183654785 -0.722048431634903 0.6764903664588928 0.82113465672315 -0.29304350520725536 -0.48953731582989235 0 0 0 0 0 0
-3.5404250621795654 -0.40121570229530334 -2.1144862174987793 -0.20570158958435059 -0.9523908048868179 0.22511065006256104 0.8211624377049846 -0.29314190923725014 -0.4898535014269734 0 0 0 0 0 0
-3.056542158126831 -0.5944198369979858 -1.9832655191421509 -0.4786849021911621 -0.820792019367218 -0.31171172857284546 0.8215349177738666 -0.29319369829058956 -0.4895719348586165 0 0 0 0 0 0
-2.681772470474243 -0.9746949672698975 -1.9231404066085815 -0.5699563026428223 -0.3773587942123413 -0.7299616932868958 0.8212243154753293 -0.2932546836257237 -0.48961437835082156 0 0 0 0 0 0
-2.436952829360962 -1.441033124923706 -2.0294575691223145 -0.44457972049713135 0.2094241976737976 -0.8708596229553223 0.8213288166803318 -0.29315247057552307 -0.48979117352445534 0 0 0 0 0 0
-2.2934656143188477 -1.8596289157867432 -2.334211587905884 -0.1503002643585205 0.7166653871536255 -0.681077241897583 0.8213227207048223 -0.29322111201346207 -0.4897923807862332 0 0 0 0 0 0
-2.184255599975586 -2.114851474761963 -2.7941718101501465 0.20111382007598877 0.9516149759292603 -0.2326267957687378 0.820835295769804 -0.29320064448981586 -0.48976645999291846 0 0 0 0 0 0
-2.0292413234710693 -2.153207540512085 -3.307218551635742 0.4759657382965088 0.8250844478607178 0.3044557571411133 0.8211603203923846 -0.2930242311246058 -0.4896423822230672 0 0 0 0 0 0
-1.7656480073928833 -2.0034515857696533 -3.7508034706115723 0.5701166391372681 0.3850248456001282 0.7255107164382935 0.8212482016318411 -0.29317269430822046 -0.48976325945406785 0 0 0 0 0 0
-1.3720862865447998 -1.7659547328948975 -4.029043197631836 0.44767409563064575 -0.2012038230895996 0.871245265007019 0.8211971103870224 -0.2932373935552448 -0.4896774484963399 0 0 0 0 0 0
-0.8764482140541077 -1.5742474794387817 -4.1086530685424805 0.15501812100410461 -0.7110786437988281 0.6858205795288086 0.8211336556373137 -0.2933964997514163 -0.48980533911577895 0 0 0 0 0 0
-0.3455171287059784 -1.5446765422821045 -4.031895637512207 -0.19636541604995728 -0.9507384896278381 0.2402818202972412 0.8206772276919462 -0.29322390557578576 -0.48953611099638555 0 0 0 0 0 0
0.14067834615707397 -1.7318888902664185 -3.900378942489624 -0.4732135310769081 -0.8292052149772644 -0.29766857624053955 0.8219907202080591 -0.29336076873377936 -0.48954059497554603 0 0 0 0 0 0
0.5190069675445557 -2.108062982559204 -3.8367347717285156 -0.5703742057085037 -0.39266765117645264 -0.7218801975250244 0.8212040129112427 -0.29309970267450175 -0.4894202888380591 0 0 0 0 0 0
0.7672839760780334 -2.573798418045044 -3.937580108642578 -0.45080438256263733 0.1931440830230713 -0.8719277381896973 0.8208607413789457 -0.2931223747655837 -0.48933237616769454 0 0 0 0 0 0
0.9128453731536865 -2.995447874069214 -4.237205982208252 -0.1599423587322235 0.7055330276489258 -0.6904077529907227 0.8214988291472456 -0.2928872172507312 -0.48961510659728896 0 0 0 0 0 0
1.978826642036438 -3.5286049842834473 -3.799095630645752 0.589846670627594 0.8060365915298462 0.04989266395568848 -0.027780755213960964 -0.04149946559831858 0.998873778636384 0 0 0 0 0 0
2.31915020942688 -3.66064715385437 -3.4048666954040527 0.004634857177734375 0.9990674257278442 0.04165530204772949 -0.027773105671264352 -0.0415146079403913 0.9987832236963372 0 0 0 0 0 0
2.660547971725464 -3.564988136291504 -3.001138687133789 -0.5824464559555054 0.8127123117446899 0.01755237579345703 -0.0278344624881158 -0.0415247339383363 0.9990430178982195 0 0 0 0 0 0
2.8691680431365967 -3.28413724899292 -2.5934197902679443 -0.9482097625732422 0.31776368618011475 -0.013146400451660156 -0.027745668522025323 -0.04148292708367803 0.9985201642322833 0 0 0 0 0 0
2.861661434173584 -2.930828809738159 -2.1887388229370117 -0.9537041187286377 -0.2980780601501465 -0.03890037536621094 -0.027763822914004452 -0.04151674760349371 0.9988002297756683 0 0 0 0 0 0
2.636747360229492 -2.645433187484741 -1.7930042743682861 -0.5968397855758667 -0.8008617162704468 -0.0498923659324646 -0.02779422723758477 -0.04153159411502301 0.9991461305845799 0 0 0 0 0 0
2.2758212089538574 -2.542675733566284 -1.4085088968276978 -0.01340627670288086 -0.9990215301513672 -0.041904449462890625 -0.027773020621847243 -0.041527646220171154 0.998923646684841 0 0 0 0 0 0
1.9118844270706177 -2.6676220893859863 -1.0335689783096313 0.5750659108161926 -0.8177375793457031 -0.017994046211242676 -0.02779991169755369 -0.04152766180891273 0.9987719210877088 0 0 0 0 0 0
1.6789841651916504 -2.979036808013916 -0.6627200841903687 0.9452313184738159 -0.3256601095199585 0.012738704681396484 -0.02777240745783255 -0.041519582492440234 0.9993227612410996 0 0 0 0 0 0
1.661615252494812 -3.364668369293213 -0.28897708654403687 0.9561493992805481 0.2900576591491699 0.03865547478199005 -0.02779808856703149 -0.0415470930948876 0.9993455899827296 0 0 0 0 0 0
1.8621681928634644 -3.684143543243408 0.0935836136341095 0.6038859486579895 0.7955563068389893 0.04985988140106201 -0.027781710511364514 -0.041509863115507736 0.9988073899430007 0 0 0 0 0 0
2.200455904006958 -3.8223698139190674 0.48749449849128723 0.022047758102416992 0.9989637136459351 0.042127594351768494 -0.02777224887351589 -0.04150542737499255 0.9987451773481422 0 0 0 0 0 0
2.5437536239624023 -3.7328240871429443 0.8909518122673035 -0.5681389570236206 0.8226335048675537 0.018404722213745117 -0.027774411306612644 -0.04153692349226889 0.999196818544892 0 0 0 0 0 0
2.7575411796569824 -3.4558305740356445 1.2986598014831543 -0.9425121545791626 0.3340911865234375 -0.012295246124267578 -0.027736445571512894 -0.04148792782014661 0.9988564620843948 0 0 0 0 0 0
2.756490707397461 -3.1026172637939453 1.7035739421844482 -0.9587907791137695 -0.28154194355010986 -0.03835737705230713 -0.027772676300358887 -0.0415208291945593 0.9989744826683665 0 0 0 0 0 0
2.536850690841675 -2.8136186599731445 2.099879026412964 -0.6107228994369507 -0.7901942729949951 -0.049819350242614746 -0.02778693116958556 -0.04151305323764935 0.9990795112918919 0 0 0 0 0 0
2.1780333518981934 -2.7047901153564453 2.484682559967041 -0.030766725540161133 -0.9985756874084473 -0.0423884391784668 -0.02776541535510872 -0.04155609804641682 0.9991205363364023 0 0 0 0 0 0
1.8122642040252686 -2.8235409259796143 2.8598361015319824 0.5607718229293823 -0.8276820182800293 -0.018799901008605957 -0.027789871861443063 -0.04151042824622515 0.9986040840956902 0 0 0 0 0 0
1.5742276906967163 -3.130953311920166 3.230703115463257 0.939544141292572 -0.3424161672592163 0.01189112663269043 -0.02777141056166476 -0.041516598630313546 0.9987709217864468 0 0 0 0 0 0
1.5504032373428345 -3.5163660049438477 3.604278087615967 0.9612053632736206 0.2730107307434082 0.03807783126831055 -0.027774897569789785 -0.04150900320906446 0.9987381775769362 0 0 0 0 0 0
0.6963436007499695 5.462792873382568 0.690160870552063 0.18595993518829346 -0.24519920349121094 -0.9514381736516953 -0.8206544214756819 -0.5716101441422422 -0.013085969559791985 0 0 0 0 0 0
0.20756648480892181 5.487547397613525 0.4684392809867859 0.46768810600042343 -0.6578278541564941 -0.5904644727706909 -0.820343406716274 -0.5715072390631823 -0.013060012591525179 0 0 0 0 0 0
-0.17463669180870056 5.362402439117432 0.11211081594228745 0.5716947466135025 -0.8204913139343262 -0.004988349974155426 -0.8205787684422142 -0.571676211406443 -0.013071508506695235 0 0 0 0 0 0
-0.42649754881858826 5.050195217132568 -0.24534785747528076 0.4584677889943123 -0.6714320182800293 0.5822704243473709 -0.8205438824316899 -0.5716634163588977 -0.013121363462705494 0 0 0 0 0 0
-0.5738726854324341 4.584975719451904 -0.4700673222541809 0.1711679995059967 -0.26731133460998535 0.9482629038393497 -0.8203883194521967 -0.5714938197271991 -0.013015955980081168 0 0 0 0 0 0
-0.6822043657302856 4.058784484863281 -0.4786593019962311 -0.1812930405139923 0.2383124828338623 0.9540996886789799 -0.8203908577036497 -0.5716568750302298 -0.013099452744587216 0 0 0 0 0 0
-0.8318219184875488 3.5868444442749023 -0.26977860927581787 -0.46485334634780884 0.6535691022872925 0.5974283302202821 -0.8205476989439502 -0.5716720648698852 -0.013067919710933858 0 0 0 0 0 0
-1.0874500274658203 3.2639617919921875 0.07527732104063034 -0.5716791749000549 0.8202499151229858 0.013874862343072891 -0.8204291136089603 -0.5715826471885059 -0.013089923728213389 0 0 0 0 0 0
-1.4733531475067139 3.1280364990234375 0.4235602617263794 -0.46151190996170044 0.67554771900177 -0.5751194059848785 -0.8204547288524667 -0.5715931566028674 -0.013021338025367323 0 0 0 0 0 0
-1.9644898176193237 3.146125078201294 0.6406868696212769 -0.17597943544387817 0.2740943431854248 -0.9454898536205292 -0.8203991691568253 -0.5715457607971898 -0.01299228884607894 0 0 0 0 0 0
-2.495706558227539 3.226637840270996 0.6423417925834656 0.17644047737121582 -0.23138225078582764 -0.9566761553287506 -0.8203690038784086 -0.5715866595961739 -0.013056968942690232 0 0 0 0 0 0
-2.9866902828216553 3.254422426223755 0.4258928596973419 0.46180427074432373 -0.6489938497543335 -0.60446847230196 -0.8203823399086455 -0.5716154032886843 -0.013038210287165897 0 0 0 0 0 0
-3.372446060180664 3.134300947189331 0.0716300681233406 0.5717909336090088 -0.8201509714126587 -0.02256559208035469 -0.8203570135448748 -0.5715756850953625 -0.013044164746774783 0 0 0 0 0 0
-3.627816677093506 2.8271546363830566 -0.2876971662044525 0.4643744230270386 -0.6795239448547363 0.5678670480847359 -0.8205450335076945 -0.571609235321505 -0.01299958506683625 0 0 0 0 0 0
-3.777327537536621 2.3651461601257324 -0.5176336765289307 0.18070995807647705 -0.2809023857116699 0.9426836669445038 -0.8202790494182016 -0.571414741437603 -0.013025760284003023 0 0 0 0 0 0
-3.8856287002563477 1.8390272855758667 -0.532676100730896 -0.17181158065795898 0.22464513778686523 0.959138311445713 -0.8207340501324564 -0.5716973429407536 -0.01311863568121869 0 0 0 0 0 0
-4.033106803894043 1.364192247390747 -0.32905030250549316 -0.4589354991912842 0.6447133421897888 0.6112807244062424 -0.82055783401678 -0.5717707636751092 -0.013013463105922668 0 0 0 0 0 0
-4.285210609436035 1.036292552947998 0.013876961544156075 -0.5717241764068604 0.8198913931846619 0.03130741883069277 -0.8204191158471928 -0.5715908713285903 -0.013128118072297858 0 0 0 0 0 0
-4.667606830596924 0.8953248858451843 0.3639586269855499 -0.467301607131958 0.6835205852985382 -0.5606342107057571 -0.8203510280885857 -0.571521050841587 -0.01301213733343805 0 0 0 0 0 0
-5.156507968902588 0.9101378321647644 0.5862796306610107 -0.18543362617492676 0.2875281870365143 -0.9397188574075699 -0.8204742353726685 -0.571553191685743 -0.01297637081128829 0 0 0 0 0 0
-5.413476467132568 -0.16470757126808167 1.211732029914856 0.20543456077575684 -0.6698215752840042 -0.713408887386322 0.8072351849775018 -0.2961760516932208 0.510533470517181 0 0 0 0 0 0
-5.270022869110107 -0.5960150361061096 1.4982134103775024 0.49069881439208984 -0.14336243271827698 -0.8593586087226868 0.8073474125395134 -0.2961165891642025 0.51039974263878 0 0 0 0 0 0
-5.01474142074585 -1.0600329637527466 1.5887991189956665 0.5897915363311768 0.43768465518951416 -0.6785574555397034 0.8074170564073999 -0.296347900192912 0.5106432989832078 0 0 0 0 0 0
-4.624964714050293 -1.4242701530456543 1.5247291326522827 0.46462535858154297 0.8523035049438477 -0.24007141590118408 0.807312218362352 -0.29631812736228097 0.5104512336655688 0 0 0 0 0 0
-4.129333972930908 -1.5942357778549194 1.405950903892517 0.16295790672302246 0.9432238340377808 0.28941482305526733 0.8070244938100145 -0.29604295797260516 0.5104222033752217 0 0 0 0 0 0
-3.5963103771209717 -1.5491286516189575 1.353000521659851 -0.20065367221832275 0.675758421421051 0.7093596458435059 0.8073666480955257 -0.2957188090816252 0.510087598719005 0 0 0 0 0 0
-3.109247922897339 -1.3500372171401978 1.461894154548645 -0.4880094528198242 0.15156447887420654 0.8592981100082397 0.8073161459417818 -0.29596545675863534 0.5106909415264971 0 0 0 0 0 0
-2.733450412750244 -1.1164157390594482 1.7666268348693848 -0.5898082256317139 -0.4301118850708008 0.6834769248962402 0.8071724126807701 -0.2958547697536267 0.5103702306104193 0 0 0 0 0 0
-2.4921092987060547 -0.9808220863342285 2.22719144821167 -0.4676395654678345 -0.848502516746521 0.247461199760437 0.8073998291369985 -0.29607253188824023 0.5106005181097657 0 0 0 0 0 0
-2.357374429702759 -1.0386674404144287 2.7441015243530273 -0.16785740852355957 -0.9444862604141235 -0.28251945972442627 0.807470027622158 -0.29620900957757434 0.510497625899723 0 0 0 0 0 0
-2.260892629623413 -1.3117923736572266 3.19657564163208 0.19583344459533691 -0.6816303730010986 -0.7049852609634399 0.8072144117096214 -0.29618791025058405 0.5106067806618768 0 0 0 0 0 0
-2.119809627532959 -1.740299105644226 3.488433361053467 0.48482418060302734 -0.1598656177520752 -0.8598756790161133 0.8073368766971162 -0.2959476131672442 0.5102229292245152 0 0 0 0 0 0
-1.8682799339294434 -2.2052390575408936 3.5842177867889404 0.5901250243186951 0.42266845703125 -0.6878197193145752 0.8072136356059508 -0.2965204570357581 0.5103475699106794 0 0 0 0 0 0
-1.4821687936782837 -2.57384991645813 3.5232810974121094 0.47103315591812134 0.8447116613388062 -0.25474727153778076 0.8070634187014062 -0.29611617694371 0.5103914973326471 0 0 0 0 0 0
-0.9886206388473511 -2.7498767375946045 3.4042625427246094 0.17275840044021606 0.9456998109817505 0.27522265911102295 0.8072669256360363 -0.2960718817979959 0.5106155877794689 0 0 0 0 0 0
-0.45569613575935364 -2.7103359699249268 3.3481557369232178 -0.19110269844532013 0.6874215602874756 0.7006186246871948 0.8071607268234682 -0.2962114172918641 0.5107953100512677 0 0 0 0 0 0
0.0336247943341732 -2.5141067504882812 3.451770067214966 -0.48219448886811733 0.16800403594970703 0.8597749471664429 0.807174558733861 -0.2961581388613335 0.5105648726225331 0 0 0 0 0 0
0.41305485367774963 -2.2795188426971436 3.751222610473633 -0.590134970843792 -0.4153674840927124 0.6913959980010986 0.8078412292686725 -0.2969216983531441 0.5111451939049825 0 0 0 0 0 0
0.6579539179801941 -2.1396114826202393 4.2083353996276855 -0.47394365072250366 -0.8408987522125244 0.26139020919799805 0.807114032624927 -0.2961688751958076 0.5106485586618547 0 0 0 0 0 0
0.7948340773582458 -2.1913979053497314 4.7254638671875 -0.17776593565940857 -0.9468674659729004 -0.2688932418823242 0.8072336350211377 -0.29645602772321134 0.5102617096544078 0 0 0 0 0 0
1.8716100454330444 -1.5697438716888428 4.983641147613525 0.5918630957603455 -0.37315040826797485 -0.7150149345397949 -0.0008588413277922859 0.8855459619192338 -0.46285767993120613 0 0 0 0 0 0
2.2223258018493652 -1.1701866388320923 4.905630588531494 0.00672757625579834 -0.4634246230125427 -0.8859694004058838 -0.0005873807090402893 0.8861789858804212 -0.4635387112846561 0 0 0 0 0 0
2.5745697021484375 -0.876308023929596 4.625978469848633 -0.5808347463607788 -0.377681702375412 -0.7210898399353027 -0.0006374060602345788 0.8858459654131041 -0.4634617854306074 0 0 0 0 0 0
2.7944278717041016 -0.6685569882392883 4.1819682121276855 -0.9479200839996338 -0.14847084879875183 -0.28218865394592285 -0.0007513874574072984 0.8859128905624167 -0.46359051553818176 0 0 0 0 0 0
2.798222541809082 -0.49464139342308044 3.6738860607147217 -0.9546977281570435 0.13721466064453125 0.2640122175216675 -0.0008283847194855597 0.886118058567753 -0.4635362971300914 0 0 0 0 0 0
2.5844154357910156 -0.2894841432571411 3.225696563720703 -0.5989134311676025 0.3709336742758751 0.7098948955535889 -0.0008204158827776562 0.8859869243505601 -0.4636372868189303 0 0 0 0 0 0
2.2340497970581055 0.0002599779691081494 2.9393343925476074 -0.015538334846496582 0.4635571380640613 0.8859479427337646 -0.000893220324232266 0.8854831870276316 -0.46332962845675596 0 0 0 0 0 0
1.8799740076065063 0.3956765830516815 2.854968309402466 0.5741783976554871 0.37999995052814484 0.7254117727279663 -0.0006608581173632037 0.8862530638594308 -0.4637320245052681 0 0 0 0 0 0
1.6569770574569702 0.8777584433555603 2.936016082763672 0.9451517462730408 0.15213355422019958 0.28917014598846436 -0.0006674404826420212 0.8856437152358886 -0.4637591241499231 0 0 0 0 0 0
1.6492735147476196 1.3944820165634155 3.0829145908355713 0.9574910998344421 -0.13351529836654663 -0.25671184062957764 -0.0007950653136347263 0.88542702920003 -0.46347422719281794 0 0 0 0 0 0
1.8598765134811401 1.8807631731033325 3.1713359355926514 0.605713427066803 -0.3682580590248108 -0.7051998376846313 -0.0004924365217897102 0.8862456951053649 -0.4632238657121023 0 0 0 0 0 0
2.208470106124878 2.2832436561584473 3.0990946292877197 0.024265646934509277 -0.46346962451934814 -0.8859103918075562 -0.0009108275625385363 0.8858087822763981 -0.4634414149945094 0 0 0 0 0 0
2.562579393386841 2.5800130367279053 2.8248093128204346 -0.5664467811584473 -0.3824120759963989 -0.7297533750534058 -0.0010422241411029523 0.8857721389237017 -0.4633614719094158 0 0 0 0 0 0
2.787633180618286 2.789623260498047 2.384002447128296 -0.942191481590271 -0.15614688396453857 -0.29601991176605225 -0.0012828505511466048 0.8867734932441259 -0.46367903453552806 0 0 0 0 0 0
2.7978806495666504 2.963632345199585 1.8758056163787842 -0.9597575664520264 0.12936711311340332 0.2492186427116394 -0.0008407966777696527 0.8859561452641116 -0.4631296783233933 0 0 0 0 0 0
2.5893356800079346 3.1670758724212646 1.4243894815444946 -0.6127601861953735 0.3659844398498535 0.7004505395889282 -0.000527192648392907 0.8858063793526659 -0.4632938028981309 0 0 0 0 0 0
2.2411282062530518 3.4540109634399414 1.132649540901184 -0.03294944763183594 0.4633420705795288 0.8855700492858887 -0.00026309642050540615 0.8857951187338775 -0.46346961896023114 0 0 0 0 0 0
1.8852956295013428 3.846524715423584 1.0427542924880981 0.559648871421814 0.3847193717956543 0.7343196868896484 -0.00047026843238711334 0.8858156939256406 -0.4637316391975295 0 0 0 0 0 0
1.6571340560913086 4.326742172241211 1.1202945709228516 0.9392619132995605 0.1600480079650879 0.303899347782135 -0.001011193357777241 0.8859497480348284 -0.46345843763763367 0 0 0 0 0 0
1.642968773841858 4.843410015106201 1.2670388221740723 0.962277352809906 -0.12549400329589844 -0.2419474720954895 -0.000988148663363547 0.885959485745704 -0.4634620677496156 0 0 0 0 0 0
